97
-109.53573	-637.75684	176.09224
-109.80113	-637.83703	176.37455
-110.07004	-637.93873	176.63677
-110.37378	-638.0073	176.9029
-110.63607	-638.10781	177.19005
-110.90817	-638.17761	177.43314
-111.19894	-638.26823	177.73583
-111.46467	-638.32621	178.02204
-111.72154	-638.43143	178.27718
-112.02382	-638.53689	178.56987
-112.31103	-638.60739	178.84022
-112.55999	-638.68704	179.09141
-112.87082	-638.78006	179.37732
-113.15779	-638.85986	179.66779
-113.46646	-638.95853	179.9292
-113.70959	-639.04025	180.16654
-113.99041	-639.1211	180.48211
-114.26891	-639.2045	180.75223
-114.54966	-639.31651	181.04633
-114.84147	-639.35148	181.28043
-115.1054	-639.4652	181.57176
-115.37088	-639.55076	181.84217
-115.66604	-639.65281	182.13679
-115.95308	-639.70103	182.39609
-116.23419	-639.79829	182.65678
-116.51262	-639.86011	182.93491
-116.7828	-639.95632	183.21733
-117.06778	-640.05286	183.49759
-117.33921	-640.14075	183.76566
-117.61992	-640.2182	184.04812
-117.90474	-640.30938	184.31111
-118.15934	-640.36548	184.58293
-118.46127	-640.48375	184.83514
-118.72419	-640.57113	185.15371
-119.02707	-640.67175	185.41431
-119.30034	-640.75149	185.70514
-119.57618	-640.82926	185.95903
-119.82787	-640.91463	186.25428
-120.14091	-640.99135	186.49685
-120.39999	-641.09641	186.77316
-120.68857	-641.16883	187.05776
-120.96907	-641.25982	187.32385
-121.23323	-641.3334	187.59725
-121.53568	-641.42092	187.86692
-121.80105	-641.52176	188.15595
-122.08617	-641.56778	188.40743
-122.33757	-641.67371	188.69951
-122.63774	-641.75462	188.99255
-122.90799	-641.82969	189.2761
-123.20976	-641.93756	189.52419
-123.48261	-642.05722	189.81139
-123.75658	-642.10401	190.06832
-124.03781	-642.20683	190.3367
-124.32033	-642.27707	190.59145
-124.63183	-642.35001	190.89105
-124.87928	-642.45142	191.16941
-125.16087	-642.54358	191.45912
-125.41229	-642.64145	191.73105
-125.70888	-642.73881	192.00178
-125.99841	-642.7993	192.26804
-126.27403	-642.87649	192.53056
-126.55897	-642.96333	192.79513
-126.82796	-643.06565	193.10326
-127.12273	-643.10549	193.35575
-127.38496	-643.22454	193.61766
-127.65933	-643.30617	193.89316
-127.92631	-643.40091	194.1832
-128.25056	-643.47377	194.44442
-128.50985	-643.5575	194.71783
-128.78663	-643.64678	195.00111
-129.07649	-643.71536	195.28007
-129.34811	-643.81307	195.55092
-129.65085	-643.8841	195.80758
-129.91051	-643.98367	196.10197
-130.18616	-644.06303	196.37505
-130.48531	-644.16003	196.66445
-130.72422	-644.21136	196.91696
-131.04045	-644.35897	197.20285
-131.30706	-644.41115	197.4686
-131.5955	-644.48083	197.73769
-131.84665	-644.5672	198.02838
-132.14895	-644.65794	198.25668
-132.44248	-644.74071	198.5794
-132.70616	-644.83995	198.8346
-132.96219	-644.91996	199.11233
-133.26532	-645.00249	199.38562
-133.55665	-645.10933	199.6373
-133.82723	-645.14596	199.93344
-134.10865	-645.27503	200.20893
-134.39859	-645.35082	200.48718
-134.65383	-645.43237	200.7549
-134.93756	-645.51828	201.0283
-135.22806	-645.60186	201.31816
-135.50224	-645.68841	201.5955
-135.78012	-645.75932	201.83653
-136.04396	-645.87937	202.13666
-136.33774	-645.96256	202.40654
