399
-94.38183	365.4125	186.10319
-94.46	365.6423	186.26974
-94.52418	365.86668	186.43995
-94.59551	366.09629	186.60612
-94.65724	366.31544	186.78447
-94.73616	366.54607	186.94815
-94.80385	366.7735	187.12333
-94.87432	366.99851	187.28058
-94.94428	367.22291	187.46541
-95.01384	367.45041	187.62905
-95.07951	367.67677	187.79854
-95.14836	367.90148	187.96929
-95.20929	368.13203	188.13539
-95.27595	368.35263	188.30408
-95.35868	368.58331	188.48723
-95.42633	368.80987	188.65142
-95.49064	369.02887	188.81761
-95.56345	369.25436	188.98597
-95.63348	369.48804	189.1486
-95.70177	369.71209	189.32783
-95.77373	369.93187	189.49946
-95.84131	370.16405	189.66655
-95.90896	370.39813	189.84003
-95.98525	370.62483	190.00444
-96.0514	370.83659	190.17602
-96.11755	371.07183	190.35207
-96.17995	371.2957	190.52006
-96.25413	371.52268	190.68843
-96.32295	371.74954	190.85798
-96.39284	371.9753	191.02659
-96.45882	372.21027	191.19131
-96.52928	372.42265	191.35984
-96.59144	372.66055	191.5358
-96.66436	372.88654	191.70192
-96.74234	373.10656	191.87432
-96.81262	373.33964	192.04718
-96.87397	373.56581	192.21511
-96.94556	373.79068	192.39163
-97.015	374.01235	192.5609
-97.0892	374.2442	192.73256
-97.15132	374.47491	192.89993
-97.21859	374.69265	193.06868
-97.29019	374.91614	193.23799
-97.36343	375.14341	193.40521
-97.43051	375.37083	193.5772
-97.49601	375.59854	193.74662
-97.56845	375.82306	193.9199
-97.63885	376.04579	194.08646
-97.70479	376.27652	194.2578
-97.77589	376.50361	194.43254
-97.84197	376.71916	194.59806
-97.91551	376.95928	194.7758
-97.983	377.17926	194.93812
-98.05208	377.4055	195.10753
-98.11749	377.63297	195.27767
-98.19402	377.85415	195.44557
-98.25916	378.08165	195.61846
-98.32863	378.30748	195.78982
-98.3943	378.53934	195.95532
-98.4671	378.76271	196.12772
-98.53709	378.98403	196.30412
-98.60039	379.21014	196.45957
-98.67566	379.4427	196.63436
-98.73935	379.67	196.80757
-98.8137	379.89368	196.9766
-98.87915	380.11965	197.14768
-98.95437	380.34523	197.31396
-99.02014	380.57159	197.48774
-99.09446	380.79146	197.65343
-99.15949	381.0286	197.83161
-99.22849	381.24902	197.99703
-99.29387	381.48468	198.1631
-99.36455	381.69379	198.3408
-99.43477	381.93225	198.50899
-99.50469	382.15655	198.67787
-99.57453	382.38378	198.84714
-99.64673	382.61043	199.02225
-99.70274	382.83598	199.18332
-99.7803	383.0636	199.35679
-99.84921	383.28056	199.5193
-99.92604	383.51202	199.69418
-99.98095	383.73799	199.86851
-100.06063	383.95593	200.03634
-100.12819	384.19285	200.21444
-100.19278	384.42066	200.38729
-100.26674	384.64097	200.55138
-100.34345	384.87545	200.71404
-100.4055	385.10077	200.88653
-100.4738	385.32239	201.06219
-100.54635	385.55461	201.22847
-100.61016	385.77922	201.39328
-100.68491	385.9967	201.56439
-100.75082	386.23438	201.73133
-100.82246	386.45674	201.90602
-100.89039	386.68422	202.08135
-100.95049	386.90848	202.24896
-101.02128	387.13296	202.41852
-101.09557	387.37167	202.58397
-101.17455	387.58381	202.75882
-101.22936	387.8158	202.92517
-101.30286	388.03943	203.09641
-101.3735	388.26575	203.26649
-101.44158	388.49558	203.44054
-101.51047	388.71717	203.60619
-101.57901	388.9443	203.77599
-101.6478	389.16393	203.94437
-101.71586	389.38623	204.1166
-101.79059	389.63168	204.28681
-101.86481	389.84703	204.45642
-101.92649	390.06915	204.63257
-101.99977	390.29519	204.79696
-102.05992	390.53139	204.97235
-102.13003	390.75338	205.13558
-102.20039	390.97718	205.30402
-102.27979	391.20759	205.4764
-102.34199	391.43615	205.65012
-102.40746	391.65912	205.81449
-102.48208	391.88508	205.9947
-102.54789	392.1104	206.15422
-102.6105	392.34524	206.33117
-102.68871	392.57035	206.50174
-102.75315	392.79506	206.66914
-102.82707	393.01106	206.83417
-102.89064	393.24141	207.00955
-102.965	393.47428	207.17682
-103.0273	393.69549	207.34835
-103.10709	393.91766	207.52246
-103.16671	394.14576	207.68095
-103.23404	394.377	207.86512
-103.30384	394.60768	208.03133
-103.37744	394.82821	208.19581
-103.45056	395.05387	208.36628
-103.50935	395.28093	208.54303
-103.58469	395.50474	208.7055
-103.65083	395.72229	208.87875
-103.72499	395.95963	209.04677
-103.78863	396.17624	209.22136
-103.86155	396.41132	209.38255
-103.93223	396.63915	209.55297
-103.99235	396.86491	209.72807
-104.06559	397.08787	209.88895
-104.13864	397.31826	210.06583
-104.20767	397.54224	210.23602
-104.27588	397.76299	210.40488
-104.34652	397.9949	210.57562
-104.41477	398.22092	210.74557
-104.47986	398.44633	210.91249
-104.55183	398.66706	211.07644
-104.61546	398.89298	211.25521
-104.68055	399.12476	211.42523
-104.7616	399.35278	211.59512
-104.82836	399.58179	211.76551
-104.90436	399.81088	211.93865
-104.9666	400.02981	212.10194
-105.03306	400.26048	212.27088
-105.10614	400.48212	212.44595
-105.17185	400.70292	212.61667
-105.23804	400.9359	212.7819
-105.31425	401.16225	212.95522
-105.38334	401.38884	213.12481
-105.45303	401.61939	213.29073
-105.52176	401.84086	213.46492
-105.59095	402.07835	213.63561
-105.65969	402.29282	213.80697
-105.72912	402.5199	213.97497
-105.7972	402.74571	214.14471
-105.86722	402.97821	214.31102
-105.94281	403.19477	214.48512
-106.01443	403.41832	214.651
-106.07321	403.64137	214.82428
-106.13527	403.88348	214.99105
-106.20899	404.09945	215.1616
-106.28235	404.32981	215.33486
-106.35437	404.55358	215.50723
-106.42504	404.78195	215.67821
-106.4922	405.00854	215.84431
-106.55796	405.22639	216.01798
-106.62567	405.45464	216.1914
-106.69749	405.6848	216.35558
-106.76456	405.92175	216.52604
-106.83398	406.13321	216.70152
-106.90667	406.37693	216.86625
-106.96939	406.59132	217.03442
-107.04322	406.81876	217.2047
-107.11199	407.04545	217.37479
-107.18159	407.27573	217.54478
-107.24248	407.49659	217.71859
-107.31952	407.72316	217.88349
-107.38462	407.94967	218.05221
-107.45817	408.17619	218.22451
-107.52703	408.40241	218.39444
-107.60347	408.6247	218.56016
-107.66256	408.85811	218.7376
-107.73524	409.08835	218.90114
-107.79822	409.30438	219.07481
-107.87602	409.5292	219.24739
-107.94185	409.76918	219.42113
-108.01371	409.98928	219.58494
-108.0814	410.21315	219.75521
-108.1553	410.44392	219.92341
-108.21905	410.66524	220.09439
-108.28874	410.89099	220.2645
-108.35849	411.116	220.43
-108.42581	411.34229	220.60225
-108.49759	411.56275	220.77432
-108.56449	411.79846	220.94284
-108.6275	412.02723	221.11961
-108.70264	412.25013	221.27657
-108.76909	412.47058	221.4515
-108.84462	412.70661	221.62466
-108.91298	412.92728	221.79435
-108.98227	413.14842	221.96535
-109.04738	413.38189	222.13671
-109.12342	413.60004	222.30731
-109.19293	413.83692	222.48029
-109.26188	414.05532	222.64624
-109.32141	414.2875	222.81092
-109.39667	414.51148	222.98449
-109.46275	414.73763	223.15155
-109.53869	414.96124	223.32226
-109.6108	415.18887	223.49919
-109.67291	415.41541	223.66213
-109.74019	415.64274	223.83384
-109.80805	415.87288	224.01364
-109.88454	416.09872	224.17656
-109.93735	416.32484	224.34457
-110.01384	416.54046	224.51573
-110.09686	416.77556	224.68155
-110.15533	417	224.8537
-110.21988	417.22341	225.02537
-110.28637	417.45433	225.19322
-110.3713	417.67953	225.36076
-110.42217	417.90102	225.53518
-110.50202	418.13149	225.70469
-110.57263	418.35326	225.8711
-110.63735	418.59062	226.05046
-110.70968	418.81183	226.20888
-110.77674	419.03753	226.38583
-110.84688	419.26363	226.5535
-110.92253	419.48628	226.7206
-110.98696	419.71511	226.89455
-111.05343	419.9418	227.06605
-111.12196	420.15936	227.23135
-111.20118	420.38992	227.40563
-111.26283	420.6227	227.57676
-111.32975	420.84563	227.74284
-111.40015	421.0722	227.91273
-111.46298	421.29422	228.08328
-111.53796	421.52217	228.25777
-111.61052	421.75565	228.42084
-111.67156	421.98374	228.5884
-111.74536	422.20277	228.76336
-111.81901	422.42978	228.92923
-111.89003	422.65811	229.11264
-111.95321	422.88214	229.27118
-112.02112	423.11487	229.4508
-112.09835	423.32896	229.61076
-112.16375	423.56587	229.78567
-112.23002	423.78924	229.95177
-112.29855	424.01712	230.12043
-112.36113	424.24092	230.29971
-112.43898	424.46922	230.46297
-112.50217	424.69863	230.63815
-112.57244	424.92163	230.80466
-112.6466	425.1512	230.96292
-112.71188	425.3749	231.14849
-112.77929	425.60163	231.31009
-112.85409	425.82236	231.48307
-112.92442	426.04586	231.65522
-112.99624	426.27883	231.8266
-113.0635	426.50341	231.98639
-113.13084	426.72634	232.16472
-113.19804	426.95791	232.33218
-113.26944	427.18385	232.50484
-113.33401	427.40629	232.67729
-113.40327	427.63381	232.84197
-113.47317	427.85839	233.0131
-113.54618	428.09203	233.18939
-113.61277	428.31572	233.35351
-113.67998	428.52876	233.52021
-113.74514	428.76064	233.69911
-113.82146	428.99175	233.86141
-113.89533	429.21285	234.02547
-113.95771	429.44651	234.2022
-114.02678	429.669	234.37134
-114.0972	429.89549	234.53687
-114.16051	430.12386	234.71124
-114.2255	430.34637	234.88511
-114.29644	430.57252	235.04961
-114.36748	430.80026	235.22311
-114.44723	431.02224	235.40019
-114.50806	431.25036	235.56589
-114.58296	431.47663	235.74054
-114.65222	431.70029	235.90284
-114.71692	431.9334	236.07714
-114.79221	432.16146	236.23914
-114.86269	432.3831	236.41307
-114.92882	432.61223	236.58972
-114.98551	432.8364	236.7529
-115.06651	433.06145	236.92148
-115.13476	433.29631	237.09487
-115.20449	433.51801	237.26073
-115.26883	433.74797	237.42899
-115.34199	433.97109	237.60349
-115.40843	434.19602	237.76555
-115.47852	434.41988	237.94309
-115.55216	434.64677	238.11294
-115.62401	434.87408	238.28609
-115.68914	435.10612	238.45725
-115.75623	435.33494	238.6173
-115.82542	435.55167	238.79407
-115.90068	435.78235	238.96238
-115.96166	436.00181	239.12718
-116.03138	436.22955	239.2997
-116.10882	436.4626	239.47615
-116.17606	436.68561	239.6441
-116.23183	436.91019	239.81429
-116.31493	437.14225	239.98087
-116.37729	437.36362	240.15217
-116.4484	437.58752	240.3202
-116.51778	437.81336	240.49251
-116.5875	438.0423	240.66104
-116.64941	438.26408	240.82902
-116.71782	438.49355	240.99813
-116.79607	438.7199	241.17166
-116.87039	438.95114	241.34785
-116.93546	439.17072	241.51221
-116.99826	439.39706	241.6747
-117.06949	439.63062	241.84326
-117.14156	439.85402	242.02252
-117.20924	440.08107	242.18901
-117.27793	440.30508	242.36427
-117.34654	440.53077	242.52515
-117.421	440.75854	242.70492
-117.48668	440.9831	242.86927
-117.55343	441.2009	243.04241
-117.62404	441.43555	243.21089
-117.68909	441.65975	243.37631
-117.76053	441.88403	243.55348
-117.82757	442.10788	243.72267
-117.89784	442.34049	243.89284
-117.96959	442.56847	244.06407
-118.03138	442.79238	244.22807
-118.11453	443.02711	244.40489
-118.1774	443.24269	244.57338
-118.24754	443.47204	244.74188
-118.31822	443.68887	244.91557
-118.3853	443.92248	245.09136
-118.46143	444.15027	245.24766
-118.5176	444.38104	245.42132
-118.59468	444.60018	245.59018
-118.66274	444.82935	245.75963
-118.72784	445.05726	245.92369
-118.80088	445.27608	246.09392
-118.86626	445.51246	246.26072
-118.93936	445.7326	246.44658
-119.0099	445.96603	246.61574
-119.07926	446.19549	246.77738
-119.14541	446.41439	246.95062
-119.21465	446.64056	247.12
-119.28519	446.86559	247.29047
-119.35919	447.09031	247.45465
-119.42424	447.32593	247.6312
-119.49441	447.54065	247.79763
-119.56688	447.76909	247.96967
-119.62762	448.00341	248.13942
-119.7042	448.22703	248.30735
-119.76887	448.45225	248.48032
-119.83557	448.67118	248.64368
-119.90372	448.89729	248.81436
-119.97626	449.13038	248.99094
-120.04604	449.35452	249.1615
-120.11551	449.58169	249.32901
-120.18957	449.80953	249.50128
-120.25576	450.03368	249.671
-120.32389	450.25631	249.84319
-120.39415	450.48863	250.00531
-120.4647	450.70447	250.17728
-120.53724	450.94036	250.34655
-120.59488	451.16179	250.52387
-120.6741	451.39172	250.6893
-120.73751	451.61766	250.85928
-120.80511	451.8422	251.03589
-120.87592	452.06584	251.19721
-120.93735	452.28943	251.37442
-121.00635	452.53093	251.53498
-121.08377	452.74349	251.70225
-121.15756	452.97492	251.88375
-121.21361	453.2016	252.0497
-121.29012	453.42874	252.21987
-121.36219	453.65644	252.39685
-121.42369	453.88257	252.55301
-121.49469	454.10112	252.72962
-121.57365	454.33223	252.9038
-121.64188	454.5607	253.06906
-121.70652	454.7851	253.23865
-121.77171	455.00898	253.41043
-121.84452	455.23533	253.58078
-121.91669	455.45751	253.7473
