90
567.86999	-225.04277	-289.37123
564.5209	-225.68735	-287.81957
561.2306	-226.57562	-286.38121
558.40075	-227.4001	-284.98087
554.83039	-228.32319	-283.59239
551.6668	-229.13554	-282.05776
548.41702	-229.83053	-280.69897
544.99363	-230.74306	-279.05962
541.713	-231.17827	-277.62747
538.43471	-231.96642	-276.37978
535.35921	-232.92531	-274.90255
531.95133	-233.73664	-273.40798
528.91621	-234.38131	-272.11845
525.56843	-235.08654	-270.56446
522.41448	-235.86159	-268.96833
519.17457	-236.82282	-267.62546
515.85314	-237.62337	-266.14196
512.74331	-238.42741	-264.78326
509.33181	-239.18666	-263.203
506.22737	-240.11516	-261.56933
503.04793	-240.72379	-260.42452
499.74196	-241.67436	-259.00191
496.57284	-242.42604	-257.44618
493.22048	-243.18077	-255.98868
490.01665	-243.87501	-254.64091
486.70522	-244.74287	-253.10903
483.55555	-245.57663	-251.56267
480.29334	-246.27947	-250.35
477.05675	-247.11878	-248.67749
473.65417	-247.93575	-247.24771
470.56096	-248.72478	-245.89646
467.28291	-249.32482	-244.4711
464.04242	-250.35379	-242.66433
460.70315	-251.12136	-241.38898
457.36274	-251.65023	-240.1921
454.13466	-252.41519	-238.63898
450.81189	-253.38879	-237.14452
447.85323	-254.26785	-235.75632
444.47747	-254.83444	-234.38858
441.27331	-255.74537	-232.77724
438.10373	-256.54146	-231.31711
434.75071	-257.26159	-229.91631
431.51932	-258.19434	-228.48815
428.31537	-258.85954	-226.96761
424.90283	-259.56176	-225.55516
421.77336	-260.53161	-224.03802
418.58197	-261.21621	-222.72669
415.07283	-262.07542	-221.36734
411.93075	-262.89073	-219.7385
408.70102	-263.69228	-218.14434
405.56951	-264.13879	-216.76583
402.442	-265.0713	-215.49087
398.90411	-265.94541	-213.92424
395.74881	-266.78699	-212.48534
392.51659	-267.35769	-210.80908
389.36833	-268.33829	-209.5265
386.2733	-268.98795	-208.17527
382.8676	-270.11647	-206.70048
379.54002	-270.84212	-205.28729
376.31565	-271.48493	-203.74643
373.01301	-272.37442	-202.05918
369.87617	-272.95673	-200.74728
366.5829	-273.87811	-199.40391
363.53706	-274.4898	-197.85994
360.14884	-275.36753	-196.57903
356.83217	-276.24509	-195.05588
353.49786	-276.8997	-193.80853
350.46937	-277.89708	-192.00953
347.08666	-278.59017	-190.54586
343.86556	-279.37081	-189.24523
340.60793	-280.19049	-187.86403
337.4922	-281.24411	-186.3095
334.26857	-281.69805	-185.10208
330.78454	-282.60243	-183.44939
327.627	-283.33173	-181.99258
324.19501	-283.93349	-180.72938
321.14109	-284.87632	-179.02427
317.89384	-285.62381	-177.69605
314.35064	-286.32098	-176.21463
311.35037	-287.25121	-174.56152
308.00662	-288.10099	-173.31607
304.84671	-288.83672	-171.93727
301.74188	-289.55097	-170.13768
298.39936	-290.44984	-168.91276
295.15852	-291.17843	-167.46904
291.97003	-291.931	-166.0952
288.70039	-292.61164	-164.51938
285.38255	-293.585	-163.05414
282.18164	-294.27759	-161.91409
278.99785	-295.11572	-160.25622
