116
-626.17257	133.72951	59.34188
-625.79367	138.62718	61.27633
-626.21158	143.7635	62.44747
-627.59975	148.86088	62.59567
-630.14137	153.37047	61.43664
-633.17236	157.22844	59.54013
-636.71823	159.97018	56.7905
-640.5317	161.66453	53.49093
-644.24452	161.62104	49.65412
-647.62774	160.28453	45.81397
-650.34833	157.59552	42.18478
-652.33431	153.88349	38.99371
-653.36652	149.33734	36.58867
-653.42405	144.31894	34.90987
-652.42895	139.14823	34.29578
-650.503	134.31344	34.78067
-647.70151	130.09452	36.34613
-644.42527	126.55406	38.57066
-640.66074	124.45848	41.68249
-636.91366	123.85154	45.373
-633.34986	124.55738	49.20718
-630.11561	126.28665	53.00255
-627.75468	129.56283	56.45495
-629.39851	133.06975	61.92874
-628.99367	137.8585	63.75536
-629.44676	142.83997	64.88444
-630.77181	147.86128	65.16083
-633.19751	152.27293	63.9831
-636.20226	156.01253	62.10245
-639.68039	158.70578	59.40357
-643.35302	160.123	56.10174
-647.03678	160.4103	52.48857
-650.32633	158.99142	48.69677
-653.01336	156.41735	45.14715
-655.06103	152.85872	41.98934
-656.03772	148.35944	39.55688
-656.08613	143.41332	37.99213
-654.89447	138.41458	37.56243
-653.1194	133.57632	37.90559
-650.42537	129.42508	39.34773
-647.17279	126.19667	41.67057
-643.54953	123.98372	44.69917
-639.84231	123.25082	48.25884
-636.36533	124.04101	51.95942
-633.29905	125.97374	55.6611
-630.92775	129.0086	59.08339
-633.34436	132.93509	63.77964
-632.74473	137.2155	65.91563
-633.288	141.89561	66.73076
-634.62978	146.47743	66.697
-636.77099	150.64276	65.7941
-639.52763	154.24329	64.32167
-642.76625	156.74479	61.75685
-646.1343	157.85298	58.56441
-649.61285	158.11335	55.24074
-652.72847	156.98073	51.75469
-655.22858	154.54966	48.41141
-656.8012	151.05341	45.54684
-658.00982	147.00842	43.24478
-658.04457	142.42503	41.79248
-657.1301	137.73303	41.27178
-655.35216	133.2435	41.65822
-652.85305	129.38154	43.02791
-649.6395	126.53852	45.23746
-646.31359	124.58174	48.04196
-642.91203	123.89732	51.28959
-639.66993	124.33749	54.78841
-636.87842	126.29861	58.15244
-634.66964	129.11298	61.31372
-637.9726	133.12458	65.39954
-637.58713	136.93669	66.76247
-637.96354	140.90605	67.55305
-639.08337	144.80046	67.68163
-640.91261	148.36038	67.07186
-643.29366	151.33129	65.56553
-646.01661	153.34629	63.28806
-648.97023	154.58123	60.83433
-651.76175	154.5505	57.85219
-654.2824	153.50065	54.85363
-656.56766	151.59432	52.11265
-658.05881	148.71082	49.66571
-659.01474	145.20573	47.70425
-658.98569	141.31947	46.49709
-658.09466	137.34597	46.0515
-656.77053	133.50826	46.39219
-654.35944	130.43494	47.55053
-651.86039	127.82922	49.37267
-649.04947	126.16863	51.7904
-646.14653	125.54943	54.53842
-643.43798	125.85062	57.56657
-641.00553	127.6672	60.3381
-639.14732	129.99687	63.06484
-644.13345	134.52888	65.47314
-643.81449	137.10826	66.42994
-644.16036	139.73583	67.24474
-644.89212	142.4247	67.22747
-646.09928	144.81934	66.54066
-647.7586	146.85781	65.61739
-649.6475	148.32189	64.19524
-651.70568	149.10569	62.50846
-653.59726	149.09339	60.42956
-655.3047	148.40423	58.36654
-656.81762	147.05899	56.47729
-657.87207	145.12952	54.80937
-658.32771	142.7058	53.47236
-658.39361	140.03193	52.6491
-657.92694	137.35052	52.37427
-656.91631	134.75308	52.6036
-655.42929	132.50947	53.35095
-653.77432	130.6893	54.6622
-651.57188	129.78273	56.15434
-649.6895	129.3291	58.11865
-647.84984	129.57273	60.19532
-646.14864	130.74	62.0368
-644.9549	132.29334	63.9601
-653.04555	138.64911	61.62614
