22
424.33903	240.82858	-137.66767
402.08153	243.36169	-118.12683
384.64276	221.6436	-107.91186
384.91572	192.98163	-114.39618
402.63099	177.99412	-132.71122
424.7992	188.79172	-149.30901
434.10625	216.6378	-151.22517
431.20998	236.69647	-127.63346
410.64459	239.02131	-109.40544
394.3984	218.96065	-100.1183
394.66091	192.37516	-106.20404
411.17529	178.3476	-122.99988
431.7226	188.39384	-138.43375
440.23536	214.27885	-140.36067
435.09542	227.15691	-116.28949
420.36038	228.81116	-103.03175
408.45395	214.3009	-96.47073
408.60676	195.13308	-100.91359
420.71273	185.03055	-112.86513
435.52679	192.3039	-124.06101
441.49759	211.01826	-125.57028
429.85864	206.21719	-104.75882
