452
-7.87524	37.45287	-44.14057
-13.39348	42.16177	-43.35067
-19.17797	46.17977	-41.58639
-25.10832	49.59258	-38.98162
-31.10236	51.98864	-35.44977
-36.85326	53.49517	-31.21766
-42.2944	54.01411	-26.32032
-47.21442	53.65035	-21.05011
-51.58651	52.39716	-15.37532
-55.28656	50.26492	-9.56876
-58.2739	47.41326	-3.71748
-60.62857	43.86398	2.11822
-62.0682	39.75747	7.82048
-62.78699	35.0056	13.13941
-62.61408	29.82828	18.26481
-61.43981	24.17515	22.73237
-59.43094	18.24018	26.5626
-56.49297	12.27773	29.62138
-52.74335	6.3651	31.74661
-48.2548	0.70897	32.95263
-43.2458	-4.55673	33.17645
-37.76637	-9.31939	32.44016
-32.04906	-13.43341	30.93781
-26.21984	-16.948	28.59052
-20.34411	-19.73369	25.48831
-14.63513	-21.8112	21.71571
-8.93078	-23.00224	17.38446
-3.72492	-23.36604	12.48748
1.25012	-22.93004	7.04739
5.54127	-21.51479	1.35954
9.1489	-19.14527	-4.60667
11.84481	-15.90667	-10.54501
13.65686	-11.87188	-16.37869
14.47517	-7.20169	-21.91343
14.4692	-1.96161	-27.09539
13.46314	3.53554	-31.5877
11.61689	9.30759	-35.56729
9.00763	15.17459	-38.76801
5.66536	21.03351	-41.33933
1.74223	26.76042	-43.08568
-2.79673	32.26969	-44.05806
-5.35315	39.8762	-41.42057
-10.78464	44.61273	-40.64612
-16.61907	48.73423	-38.90935
-22.56774	52.02378	-36.25385
-28.47775	54.41412	-32.73196
-34.21341	55.90906	-28.58586
-39.6491	56.47054	-23.65937
-44.56212	56.01213	-18.4653
-48.90844	54.74829	-12.79567
-52.61624	52.64499	-7.01158
-55.60159	49.80274	-1.15098
-57.88636	46.29903	4.66824
-59.38464	42.12575	10.30359
-60.04217	37.47526	15.61908
-59.86212	32.32012	20.74991
-58.75322	26.59771	25.23656
-56.69979	20.82229	29.0262
-53.75918	14.88003	32.05927
-49.97749	8.9795	34.19532
-45.5484	3.40983	35.41383
-40.55959	-1.95228	35.5554
-35.20406	-6.6263	34.83854
-29.46168	-10.78362	33.35409
-23.67083	-14.28492	30.9711
-17.84308	-17.04674	27.87955
-12.0799	-19.0994	24.22403
-6.49524	-20.29366	19.77789
-1.15254	-20.7295	14.94865
3.64641	-20.19857	9.63827
7.89973	-18.73492	3.93173
11.55415	-16.40099	-1.96712
14.25592	-13.17466	-7.93108
16.04799	-9.12564	-13.70943
16.96038	-4.518	-19.2903
16.85735	0.62785	-24.37686
15.80471	6.11261	-28.91425
14.01773	11.86724	-32.85023
11.4148	17.69795	-36.11149
8.17017	23.5186	-38.59891
4.16005	29.24862	-40.40232
-0.35099	34.74251	-41.35006
-3.12253	42.18748	-38.36992
-8.39781	46.80483	-37.55787
-14.15587	50.74429	-35.86397
-19.92321	54.04534	-33.278
-25.83611	56.50589	-29.75561
-31.4853	57.96213	-25.60556
-36.81552	58.50924	-20.85361
-41.6457	58.09588	-15.59457
-46.02732	56.75389	-10.15315
-49.63016	54.67016	-4.47477
-52.62349	51.94753	1.28911
-54.89305	48.43594	7.06069
-56.38609	44.36952	12.66243
-57.00969	39.70591	17.9746
-56.76403	34.61067	22.9721
-55.68036	29.14449	27.39524
-53.64532	23.39358	31.17951
-50.7104	17.41199	34.18192
-47.01818	11.70788	36.31826
-42.6638	6.10113	37.43971
-37.77599	0.91245	37.58648
-32.41813	-3.8298	36.90635
-26.83602	-7.87155	35.36817
-21.04703	-11.30099	33.07663
-15.3523	-14.04233	29.9841
-9.68518	-16.08778	26.25374
-4.1593	-17.2825	22.03357
1.13498	-17.6475	17.24849
5.90971	-17.12267	12.03371
10.11196	-15.66393	6.42055
13.6823	-13.35838	0.61826
16.29014	-10.15923	-5.25374
18.16822	-6.24084	-11.00948
19.03108	-1.70277	-16.52851
18.90159	3.41056	-21.53507
17.86648	8.85835	-26.02781
16.01463	14.54419	-29.88015
13.58379	20.23348	-33.16162
10.21993	26.04082	-35.61512
6.36535	31.62879	-37.33131
1.90761	37.06073	-38.28397
-0.89455	44.26646	-34.95384
-6.13982	48.77585	-34.13805
-11.62331	52.68492	-32.42075
-17.37014	55.85327	-29.85336
-23.01635	58.24302	-26.52507
-28.63646	59.66743	-22.45481
-33.86442	60.18584	-17.80669
-38.60409	59.72855	-12.75998
-42.87058	58.50944	-7.37631
-46.40379	56.40171	-1.78955
-49.3169	53.70118	3.80841
-51.51078	50.35636	9.42679
-52.96753	46.4092	14.88207
-53.5632	41.80166	20.16694
-53.33667	36.80932	24.89494
-52.28011	31.46065	29.24224
-50.29798	25.88703	33.03023
-47.47021	20.15137	35.97526
-43.79426	14.45489	38.00344
-39.57444	8.99671	39.10707
-34.74046	3.92122	39.29212
-29.51242	-0.73157	38.62941
-24.04536	-4.69096	37.06534
-18.48195	-8.01383	34.79539
-12.87915	-10.74227	31.86858
-7.32854	-12.61791	28.24914
-1.93932	-13.83436	24.07793
3.19177	-14.18244	19.43499
7.85244	-13.64971	14.36294
12.05662	-12.29953	8.845
15.53563	-10.05349	3.15886
18.13687	-6.86757	-2.54333
19.94698	-3.10262	-8.2103
20.66586	1.41508	-13.54876
20.5689	6.35356	-18.48776
19.55078	11.60625	-22.83199
17.8636	17.13426	-26.64036
15.26679	22.75992	-29.83916
12.11887	28.33119	-32.25294
8.23155	33.94077	-33.998
3.95801	39.264	-34.87444
1.11089	45.9887	-31.14674
-3.90096	50.43287	-30.32279
-9.25756	54.26688	-28.66503
-14.75231	57.32459	-26.19293
-20.27624	59.62134	-22.95471
-25.66658	60.94098	-19.03106
-30.76017	61.47143	-14.57758
-35.32977	60.99505	-9.72392
-39.39476	59.83221	-4.49259
-42.85642	57.84497	0.94286
-45.68999	55.17301	6.32664
-47.76342	51.8822	11.75269
-49.17963	48.09377	17.02204
-49.7784	43.65635	22.01758
-49.55689	38.91626	26.71712
-48.54228	33.81272	30.93699
-46.60719	28.30028	34.54681
-43.86305	22.79121	37.34077
-40.3184	17.33166	39.3753
-36.18343	12.05285	40.44375
-31.57845	7.13658	40.58838
-26.5687	2.67651	39.90717
-21.35296	-1.20429	38.44388
-15.93168	-4.46508	36.20876
-10.49783	-6.97686	33.32315
-5.12454	-8.9212	29.85629
0.07856	-9.99276	25.89276
5.07592	-10.30235	21.31676
9.65938	-9.85394	16.48778
13.60561	-8.52503	11.17086
17.00728	-6.28955	5.77369
19.52657	-3.2736	0.1606
21.22404	0.41249	-5.25323
22.01716	4.70315	-10.42543
21.85074	9.52077	-15.21135
20.89654	14.55754	-19.54101
19.07898	19.84094	-23.20327
16.73488	25.337	-26.27263
13.64718	30.7041	-28.5508
10.01096	36.00217	-30.24825
5.8019	41.22461	-31.09382
3.06456	47.6788	-26.86746
-1.84255	51.83457	-26.10492
-6.90148	55.45824	-24.51023
-12.16634	58.43013	-22.14193
-17.39857	60.56804	-19.07262
-22.48311	61.9035	-15.33823
-27.37864	62.33616	-11.12716
-31.76285	61.90268	-6.4536
-35.6827	60.72318	-1.5404
-39.00924	58.83532	3.5973
-41.69216	56.24597	8.73705
-43.69942	53.24607	13.8744
-44.99476	49.54484	18.97078
-45.54631	45.40864	23.74698
-45.31093	40.84825	28.25154
-44.21305	35.88466	32.26796
-42.4154	30.81069	35.71576
-39.79112	25.52773	38.3821
-36.57871	20.24778	40.26968
-32.57969	15.25457	41.29872
-28.2154	10.55898	41.43177
-23.42406	6.30845	40.77841
-18.40199	2.60819	39.39458
-13.30477	-0.53787	37.26796
-8.12546	-2.97221	34.52844
-3.07998	-4.73713	31.19413
1.95921	-5.84393	27.37783
6.66378	-6.15622	23.10149
11.06489	-5.63418	18.46457
14.92381	-4.33972	13.42108
18.04235	-2.18974	8.22477
20.51949	0.6334	2.89849
22.1712	4.15309	-2.22871
22.91085	8.22707	-7.12231
22.7224	12.80174	-11.80223
21.7893	17.61621	-15.80389
20.16532	22.65603	-19.38879
17.79212	27.82245	-22.25172
14.89091	32.93886	-24.48767
11.38711	38.08411	-26.01499
7.42994	42.9561	-26.84711
4.62193	48.91488	-22.16179
0.1175	52.88663	-21.39124
-4.5868	56.27238	-19.92849
-9.50543	59.02923	-17.70938
-14.43689	61.04117	-14.84715
-19.29493	62.2335	-11.32451
-23.78445	62.6923	-7.29696
-27.90212	62.33029	-3.01635
-31.54737	61.18073	1.55484
-34.68151	59.39124	6.25917
-37.22359	57.02674	11.11806
-39.10546	54.09175	15.96068
-40.32268	50.70199	20.71227
-40.86003	46.82024	25.22268
-40.60305	42.5974	29.4651
-39.69474	38.01611	33.23535
-37.86078	33.19095	36.4507
-35.39181	28.26852	39.00595
-32.32303	23.40704	40.74865
-28.62873	18.64255	41.6293
-24.59245	14.20811	41.85867
-20.14672	10.16784	41.11764
-15.47108	6.72816	39.81469
-10.76856	3.80311	37.80416
-5.84058	1.50035	35.26878
-1.0002	-0.09783	32.16566
3.68392	-1.12883	28.69561
8.08502	-1.40761	24.64975
12.16607	-0.92693	20.2719
15.87269	0.32084	15.57425
18.84163	2.2526	10.75495
21.09138	4.99448	5.75652
22.56262	8.25755	0.91797
23.28273	12.13767	-3.71613
23.1435	16.34887	-7.95833
22.22128	20.76356	-11.80392
20.60908	25.53321	-15.12802
18.43141	30.34895	-17.84855
15.71231	35.1329	-20.01299
12.45884	39.90581	-21.37253
8.74349	44.56841	-22.16471
5.92415	49.88241	-16.88309
1.93136	53.4267	-16.17132
-2.38416	56.62465	-14.81595
-6.88219	59.19484	-12.75726
-11.33341	61.02783	-10.09835
-15.77124	62.04052	-6.98577
-19.94061	62.3764	-3.36221
-23.72704	62.03999	0.63083
-27.11611	61.05486	4.77998
-29.98758	59.3884	9.1053
-32.32289	57.18674	13.5567
-33.98802	54.50664	17.96707
-35.08748	51.39995	22.23978
-35.50716	47.92393	26.49082
-35.27539	44.08284	30.28313
-34.43183	39.89348	33.78264
-32.76793	35.51137	36.71665
-30.58042	31.03427	38.97626
-27.71685	26.5652	40.61993
-24.41594	22.27027	41.46276
-20.67163	18.19679	41.55594
-16.60772	14.58446	40.96554
-12.36036	11.34069	39.67617
-8.06906	8.6817	37.81834
-3.58051	6.51113	35.57582
0.80286	5.07308	32.76474
5.07456	4.12587	29.44505
9.13406	3.89705	25.86008
12.88781	4.35381	21.85986
16.26885	5.50971	17.60699
18.93978	7.39529	13.27115
21.03474	9.76744	8.70998
22.3999	12.8002	4.28016
22.94173	16.27113	0.08637
22.82391	20.11466	-3.86833
22.03451	24.24074	-7.39604
20.61897	28.469	-10.45302
18.59499	32.88765	-12.92271
16.04501	37.28029	-14.84455
13.10635	41.64375	-16.16092
9.74733	45.85136	-16.87464
7.01013	50.3082	-10.72017
3.51186	53.53627	-10.1721
-0.34574	56.27729	-8.86552
-4.23718	58.5274	-7.09292
-8.17508	60.12814	-4.75969
-12.02428	61.05561	-2.00409
-15.65594	61.3981	1.08468
-19.06591	61.00816	4.63276
-22.02648	60.09689	8.21625
-24.5248	58.65278	12.01089
-26.5427	56.73269	15.92287
-28.10051	54.3572	19.75905
-29.05117	51.66927	23.51153
-29.41737	48.57561	27.17895
-29.17047	45.28179	30.57588
-28.40584	41.63074	33.6109
-26.97979	37.79627	36.24427
-24.96084	33.90453	38.28038
-22.49637	29.9479	39.71306
-19.56992	26.14797	40.43535
-16.34005	22.56104	40.56003
-12.83644	19.33664	39.99548
-9.16151	16.54894	38.8789
-5.25259	14.12759	37.212
-1.50438	12.30486	35.13833
2.4029	10.96536	32.68453
6.19657	10.17736	29.91223
9.79495	10.04435	26.65193
13.04629	10.45797	23.23254
16.01892	11.46381	19.55548
18.40998	13.08115	15.60484
20.29008	15.23051	11.74296
21.47452	17.89465	7.79914
21.96235	20.87638	4.06818
21.78513	24.27577	0.60117
21.04393	27.79963	-2.47582
19.79235	31.55952	-5.21837
17.97322	35.36288	-7.33172
15.83337	39.24668	-8.97164
13.21319	43.13706	-10.223
10.32888	46.83042	-10.71933
7.58777	50.12877	-3.44762
4.64404	52.71615	-2.93325
1.62173	54.94512	-1.9001
-1.52961	56.82479	-0.39436
-4.80392	58.14564	1.40759
-7.92695	58.93559	3.70765
-10.92748	59.1089	6.17795
-13.69306	58.80939	8.99798
-16.14581	58.02079	11.93034
-18.23725	56.75477	15.02063
-19.86118	55.21311	18.19652
-21.09107	53.43655	21.22661
-21.84467	51.15471	24.32532
-22.1387	48.67171	27.34665
-21.92181	46.01631	30.16974
-21.23405	43.01781	32.6715
-20.11483	39.92429	34.82314
-18.44593	36.78412	36.50559
-16.39409	33.62598	37.65515
-14.07776	30.53675	38.22464
-11.46509	27.5479	38.26261
-8.64933	24.80453	37.72876
-5.64756	22.53418	36.82553
-2.50911	20.65482	35.46802
0.54353	19.1346	33.75205
3.67821	18.02462	31.87643
6.73768	17.42557	29.53608
9.72759	17.38323	27.00109
12.44641	17.71142	24.23316
14.86855	18.53323	21.22821
16.85385	19.85464	18.09102
18.35176	21.5857	14.90785
19.24146	23.70869	11.63529
19.73318	26.20607	8.65271
19.54286	28.86193	5.79522
18.86683	31.72252	3.1921
17.83488	34.78073	1.03399
16.39826	37.86699	-0.7519
14.57899	41.0392	-2.11545
12.52941	44.19606	-3.02344
10.16531	47.29207	-3.49608
7.01987	48.52044	6.2407
5.16483	50.30271	6.54588
3.16121	51.77823	7.25842
1.11081	52.99061	8.29094
-0.96492	53.85547	9.50012
-3.09913	54.3121	10.96342
-5.09347	54.501	12.59135
-6.94641	54.21655	14.38634
-8.66624	53.66409	16.19908
-9.93926	52.82053	18.18004
-11.09333	51.76378	20.23616
-11.83342	50.56958	22.31748
-12.40007	49.13882	24.38059
-12.53498	47.4896	26.35013
-12.3342	45.7482	28.21846
-11.7821	43.92541	29.92647
-11.01855	41.93133	31.41677
-9.97258	39.83937	32.4447
-8.67182	37.76479	33.2485
-7.17562	35.63489	33.57454
-5.46751	33.69229	33.56802
-3.66074	31.96054	33.25813
-1.72272	30.33424	32.56471
0.32943	29.00098	31.67384
2.29938	28.06048	30.55047
4.35405	27.33977	29.31005
6.46843	26.98735	27.79444
8.45304	26.93965	26.12891
10.27499	27.22851	24.36434
11.92914	27.8289	22.44829
13.21047	28.71098	20.3946
14.19779	29.87537	18.32109
14.81262	31.26934	16.21439
15.03519	32.84141	14.13272
14.89868	34.56205	12.25733
14.43591	36.34024	10.52817
13.69404	38.35453	9.04831
12.67607	40.42386	7.86277
11.5407	42.44444	6.93009
10.20496	44.51535	6.33815
8.65568	46.51286	6.11556
2.84874	42.35958	21.50996
