408
227.37492	-77.84401	-232.41752
219.52138	-82.7386	-229.08772
212.71389	-88.21739	-224.58315
207.1463	-94.10485	-219.01173
202.9497	-100.23522	-212.55237
200.29674	-106.42946	-205.39018
199.23406	-112.50626	-197.73667
199.7869	-118.28808	-189.81134
201.93424	-123.62757	-181.83064
205.62276	-128.35187	-174.04235
210.73838	-132.33475	-166.65796
217.1468	-135.46287	-159.8871
224.6508	-137.65735	-153.92494
233.04314	-138.8229	-148.93882
242.0932	-138.95289	-145.0918
251.52886	-138.03285	-142.48175
261.09	-136.08654	-141.18014
270.48012	-133.16131	-141.2524
279.42797	-129.35726	-142.66795
287.70608	-124.78213	-145.39785
295.0488	-119.56858	-149.35795
301.24564	-113.87511	-154.41632
306.13188	-107.83943	-160.44048
309.57239	-101.66716	-167.26287
311.47313	-95.51005	-174.70371
311.74655	-89.54855	-182.50533
310.42652	-83.95279	-190.49175
307.50564	-78.90881	-198.41002
303.08064	-74.52104	-206.03686
297.29395	-70.95773	-213.1324
290.29686	-68.30717	-219.51695
282.295	-66.63811	-224.99403
273.54319	-66.00462	-229.4025
264.26444	-66.41131	-232.63577
254.74253	-67.85364	-234.58637
245.23363	-70.28545	-235.20291
236.01885	-73.65613	-234.48543
226.20539	-73.74065	-229.07134
218.39678	-78.61797	-225.75392
211.61069	-84.06824	-221.26014
206.04936	-89.93508	-215.71268
201.9009	-96.02466	-209.28321
199.24657	-102.20307	-202.15389
198.18233	-108.25311	-194.53376
198.73508	-114.02065	-186.63919
200.87728	-119.33081	-178.6998
204.55039	-124.02651	-170.94316
209.64568	-128.00136	-163.58922
216.01972	-131.11799	-156.84812
223.49369	-133.29086	-150.90631
231.85544	-134.46018	-145.94681
240.86198	-134.58618	-142.11362
250.26264	-133.66476	-139.51316
259.78146	-131.72721	-138.22295
269.12859	-128.81678	-138.2927
278.05616	-125.03368	-139.69946
286.28173	-120.47863	-142.41888
293.59321	-115.28865	-146.35007
299.7655	-109.61991	-151.39726
304.63205	-103.61933	-157.39948
308.06155	-97.46656	-164.18973
309.94619	-91.32805	-171.5893
310.22752	-85.39525	-179.37336
308.89297	-79.82784	-187.31072
305.99831	-74.79944	-195.20278
301.58982	-70.43363	-202.79001
295.83396	-66.88398	-209.85968
288.85788	-64.24133	-216.22117
280.90018	-62.58118	-221.67316
272.17048	-61.95205	-226.06817
262.9325	-62.36289	-229.28256
253.46443	-63.79524	-231.2214
243.99482	-66.21518	-231.84363
234.82979	-69.56364	-231.12567
225.28889	-69.86176	-225.32977
217.58288	-74.66801	-222.0546
210.88912	-80.04469	-217.6177
205.40593	-85.83842	-212.14205
201.31009	-91.8518	-205.8035
198.68587	-97.94179	-198.75931
197.64206	-103.91625	-191.25134
198.1849	-109.60346	-183.44901
200.29746	-114.84472	-175.62079
203.91915	-119.48869	-167.96714
208.9482	-123.40367	-160.71155
215.23795	-126.47441	-154.05876
222.61396	-128.61795	-148.19858
230.86637	-129.7717	-143.30489
239.74314	-129.90181	-139.51895
249.02811	-128.98748	-136.95284
258.41509	-127.07319	-135.67925
267.64685	-124.20931	-135.74682
276.45674	-120.46723	-137.1449
284.57191	-115.98308	-139.82232
291.77344	-110.86063	-143.70042
297.8746	-105.25942	-148.68214
302.68646	-99.34279	-154.60083
306.06215	-93.26645	-161.31121
307.9191	-87.21412	-168.6064
308.20177	-81.35567	-176.28458
306.89019	-75.86265	-184.12515
304.02663	-70.89356	-191.90206
299.68257	-66.59483	-199.39109
293.99285	-63.08648	-206.37524
287.11071	-60.4868	-212.63899
279.25709	-58.84459	-218.0261
270.65967	-58.22016	-222.37216
261.53884	-58.62218	-225.54112
252.18003	-60.04865	-227.45212
242.84131	-62.43824	-228.06947
233.79231	-65.73435	-227.35903
224.63693	-66.19605	-221.18066
217.10664	-70.89569	-217.97031
210.56255	-76.15383	-213.63705
205.20459	-81.80684	-208.29074
201.19014	-87.69036	-202.0888
198.63742	-93.64193	-195.2143
197.61248	-99.47798	-187.86307
198.14418	-105.03698	-180.25982
200.22211	-110.16439	-172.59573
203.75943	-114.70669	-165.12608
208.67166	-118.52022	-158.03089
214.80975	-121.52567	-151.53012
222.01546	-123.62271	-145.806
230.07713	-124.74955	-141.02072
238.77206	-124.87589	-137.32364
247.82983	-123.98183	-134.80838
257.00648	-122.11229	-133.56581
266.02504	-119.30306	-133.62375
274.62971	-115.66449	-134.99296
282.56749	-111.27857	-137.61808
289.60881	-106.26706	-141.41213
295.56386	-100.79525	-146.27608
300.26925	-95.00356	-152.06804
303.55813	-89.07645	-158.62028
305.37777	-83.1643	-165.74712
305.64768	-77.43986	-173.25232
304.37914	-72.07092	-180.906
301.56863	-67.21396	-188.50734
297.33118	-63.01373	-195.82751
291.76702	-59.58674	-202.64994
285.05055	-57.03763	-208.78643
277.37572	-55.43584	-214.04046
268.96622	-54.83273	-218.27844
260.0579	-55.22716	-221.37954
250.90529	-56.61151	-223.25877
241.78937	-58.9518	-223.85235
232.94748	-62.17693	-223.15014
224.25785	-62.77716	-216.58095
216.97871	-67.3273	-213.48679
210.66208	-72.39953	-209.30127
205.4844	-77.86234	-204.12647
201.61375	-83.55161	-198.13186
199.12779	-89.301	-191.49954
198.14675	-94.94429	-184.39021
198.66108	-100.3207	-177.03811
200.66511	-105.27423	-169.64028
204.08764	-109.65664	-162.42076
208.83094	-113.35458	-155.56369
214.76434	-116.25322	-149.2817
221.72818	-118.27928	-143.7445
229.51783	-119.36422	-139.12198
237.915	-119.47612	-135.54468
246.67194	-118.61926	-133.12081
255.54052	-116.80206	-131.91951
264.25211	-114.10457	-131.98489
272.56086	-110.5764	-133.30031
280.23161	-106.33934	-135.83446
287.04914	-101.50949	-139.50411
292.79921	-96.21944	-144.19767
297.33162	-90.62504	-149.80548
300.53984	-84.89133	-156.12714
302.28579	-79.17823	-163.01771
302.55326	-73.64811	-170.27308
301.31328	-68.46158	-177.6673
298.60531	-63.76495	-185.01362
294.4962	-59.70886	-192.08824
289.13039	-56.38578	-198.6844
282.63821	-53.92468	-204.60563
275.2191	-52.37988	-209.68644
267.08212	-51.79737	-213.77841
258.48862	-52.18213	-216.779
249.65563	-53.5228	-218.58925
240.83996	-55.7816	-219.16949
232.29301	-58.89701	-218.49244
224.18362	-59.63839	-211.49747
217.25116	-63.97154	-208.54669
211.21883	-68.81353	-204.54385
206.28984	-74.02196	-199.62253
202.59473	-79.43827	-193.91377
200.24292	-84.92367	-187.58214
199.29943	-90.30364	-180.81224
199.78994	-95.42991	-173.80285
201.69365	-100.14577	-166.75529
204.95651	-104.32558	-159.86273
209.4809	-107.85023	-153.33817
215.14378	-110.61454	-147.34307
221.78324	-112.5438	-142.06653
229.20388	-113.58741	-137.6585
237.20734	-113.68733	-134.24727
245.55464	-112.86759	-131.93364
254.01205	-111.14674	-130.78932
262.31769	-108.56129	-130.86093
270.23991	-105.20436	-132.10298
277.55612	-101.15711	-134.52635
284.05118	-96.54851	-138.02173
289.5321	-91.51909	-142.50607
293.85788	-86.18844	-147.83582
296.90069	-80.72087	-153.87383
298.57263	-75.27086	-160.4389
298.82146	-69.99556	-167.34438
297.64404	-65.05114	-174.4056
295.06184	-60.57228	-181.40268
291.14621	-56.70082	-188.14228
286.03664	-53.55255	-194.42905
279.84129	-51.20268	-200.0784
272.77029	-49.7305	-204.91769
265.02222	-49.16295	-208.8314
256.8187	-49.54905	-211.68563
248.39982	-50.81941	-213.41395
239.99437	-52.97101	-213.96749
231.85491	-55.93259	-213.32127
224.48659	-56.81193	-205.84169
217.97657	-60.86944	-203.08634
212.33906	-65.39687	-199.34482
207.71731	-70.27335	-194.7294
204.25772	-75.35381	-189.38419
202.05572	-80.49325	-183.45218
201.17125	-85.53184	-177.10595
201.62229	-90.33179	-170.55401
203.41719	-94.74897	-163.9498
206.47178	-98.66855	-157.49527
210.70776	-101.96643	-151.38001
216.0107	-104.55475	-145.76774
222.22378	-106.35746	-140.81522
229.17631	-107.32309	-136.69472
236.67631	-107.42743	-133.50136
244.49969	-106.66208	-131.3299
252.40743	-105.04598	-130.26107
260.18733	-102.6276	-130.31731
267.6097	-99.48947	-131.49768
274.46117	-95.7015	-133.75945
280.54448	-91.39626	-137.04531
285.67938	-86.67156	-141.23599
289.72708	-81.67516	-146.23361
292.57911	-76.55599	-151.88824
294.14544	-71.45269	-158.02908
294.3755	-66.5112	-164.49377
293.2729	-61.87182	-171.11518
290.86025	-57.6772	-177.65422
287.19749	-54.05551	-183.97114
282.39813	-51.10863	-189.86066
276.60825	-48.91003	-195.16142
269.97902	-47.53265	-199.69589
262.72591	-47.01059	-203.35564
255.04254	-47.35716	-206.02947
247.16379	-48.55806	-207.64672
239.28252	-50.56866	-208.1634
231.65528	-53.34857	-207.5597
225.20912	-54.37829	-199.51154
219.27267	-58.07179	-196.98302
214.1162	-62.2059	-193.56708
209.89378	-66.663	-189.35004
206.73393	-71.30594	-184.46525
204.7298	-75.99402	-179.04267
203.92294	-80.59843	-173.26864
204.34027	-84.98875	-167.26606
205.96245	-89.03445	-161.23332
208.76385	-92.60202	-155.34429
212.63212	-95.62143	-149.75128
217.48171	-97.97972	-144.63111
223.15057	-99.63292	-140.11305
229.50597	-100.50714	-136.33493
236.35426	-100.6109	-133.42097
243.49517	-99.89865	-131.4396
250.71861	-98.42078	-130.46184
257.83223	-96.21343	-130.51015
264.61655	-93.34534	-131.59065
270.86544	-89.89641	-133.66304
276.42161	-85.95217	-136.66012
281.11527	-81.65563	-140.48962
284.81472	-77.08541	-145.05735
287.42512	-72.41058	-150.21013
288.84989	-67.7438	-155.82967
289.0644	-63.22659	-161.74023
288.05082	-58.98188	-167.777
285.84485	-55.16082	-173.76265
282.49968	-51.84806	-179.53081
278.1211	-49.15074	-184.9016
272.8251	-47.14634	-189.73843
266.77926	-45.8841	-193.88674
260.14842	-45.41783	-197.23516
253.13185	-45.72337	-199.68359
245.92603	-46.82774	-201.16007
238.73403	-48.66706	-201.63147
231.76335	-51.20742	-201.07502
226.52547	-52.43165	-192.26476
221.31191	-55.68196	-190.03448
216.77444	-59.31552	-187.03585
213.07282	-63.22413	-183.34331
210.29837	-67.30177	-179.0479
208.53294	-71.42131	-174.29394
207.826	-75.46638	-169.21231
208.19165	-79.31463	-163.95153
209.62409	-82.8603	-158.65873
212.07896	-86.01282	-153.487
215.47455	-88.65587	-148.57211
219.73679	-90.73104	-144.07263
224.71394	-92.18319	-140.10291
230.28677	-92.95346	-136.79537
236.30299	-93.0263	-134.22997
242.56888	-92.40906	-132.49099
248.92439	-91.11708	-131.63502
255.16557	-89.17842	-131.67908
261.11029	-86.65539	-132.62822
266.60791	-83.62986	-134.44608
271.48966	-80.17303	-137.07702
275.61527	-76.39011	-140.44699
278.86177	-72.39164	-144.45525
281.14364	-68.28551	-148.9877
282.4013	-64.1793	-153.91075
282.58895	-60.21206	-159.09765
281.70128	-56.49089	-164.38982
279.76031	-53.1259	-169.65356
276.82797	-50.22648	-174.71459
272.98192	-47.84829	-179.44051
268.32861	-46.10381	-183.68132
263.01402	-44.9984	-187.32993
257.20666	-44.57162	-190.26293
251.03842	-44.86054	-192.41515
244.71561	-45.81812	-193.70707
238.40013	-47.43286	-194.12573
232.28066	-49.66221	-193.64145
228.71542	-51.26254	-183.63773
224.46536	-53.91185	-181.83047
220.76521	-56.8628	-179.3827
217.75385	-60.04689	-176.37404
215.49045	-63.37095	-172.87945
214.05759	-66.73643	-169.00844
213.47753	-70.01746	-164.87251
213.78598	-73.16233	-160.58407
214.95092	-76.05692	-156.27752
216.95093	-78.62094	-152.07646
219.71488	-80.76713	-148.06927
223.17795	-82.46015	-144.4016
227.24274	-83.63566	-141.16588
231.77595	-84.25012	-138.46211
236.67591	-84.32186	-136.37456
241.77372	-83.80844	-134.95742
246.94426	-82.76188	-134.25716
252.03278	-81.17923	-134.30124
256.87595	-79.14175	-135.07393
261.36178	-76.6688	-136.55097
265.32346	-73.85571	-138.69489
268.69297	-70.77714	-141.44632
271.33661	-67.52234	-144.70783
273.19319	-64.17376	-148.39614
274.20983	-60.83103	-152.41308
274.36827	-57.60036	-156.63011
273.65022	-54.56316	-160.94827
272.06001	-51.81783	-165.22283
269.67374	-49.45916	-169.34831
266.53755	-47.53145	-173.19355
262.75694	-46.10351	-176.66234
258.43017	-45.20691	-179.62269
253.69867	-44.86766	-182.01497
248.66841	-45.1081	-183.76787
243.5157	-45.88265	-184.82286
238.37991	-47.19865	-185.1615
233.40023	-49.01234	-184.75402
232.63745	-51.6306	-172.27798
229.84298	-53.36467	-171.08996
227.41945	-55.30538	-169.47681
225.42476	-57.40195	-167.49818
223.95279	-59.58333	-165.19744
223.00371	-61.79184	-162.65016
222.61581	-63.97254	-159.93427
222.83076	-66.03631	-157.12937
223.60038	-67.94839	-154.29509
224.90407	-69.62935	-151.52275
226.72521	-71.04433	-148.89303
229.0019	-72.15108	-146.4813
231.66906	-72.9214	-144.34853
234.65759	-73.32902	-142.56281
237.87257	-73.35817	-141.19347
241.22931	-73.03108	-140.26052
244.63533	-72.33951	-139.806
247.97538	-71.30412	-139.8262
251.16593	-69.95562	-140.33674
254.1111	-68.34172	-141.3128
256.72692	-66.49312	-142.72821
258.93081	-64.47121	-144.53502
260.67554	-62.33	-146.68303
261.89761	-60.12446	-149.10684
262.5669	-57.92463	-151.73981
262.66848	-55.79749	-154.51681
262.19822	-53.79239	-157.35061
261.14542	-51.9892	-160.16351
259.5838	-50.43284	-162.87315
257.51861	-49.16746	-165.40921
255.02938	-48.23474	-167.69082
252.18758	-47.65015	-169.64491
249.07008	-47.43666	-171.21728
245.77	-47.58308	-172.37061
242.37782	-48.10307	-173.06103
239.00198	-48.963	-173.28614
235.72403	-50.15072	-173.02636
241.76591	-57.47265	-154.32503
