19
-369.62278	-380.702	550.43602
-368.00913	-380.70381	551.18666
-366.55686	-380.70574	550.16469
-366.71546	-380.70084	548.39126
-368.32622	-380.70424	547.6442
-369.78088	-380.70149	548.66939
-369.35742	-380.43462	550.2504
-368.03589	-380.43664	550.85969
-366.84965	-380.43358	550.02743
-366.97916	-380.43215	548.57955
-368.29821	-380.43622	547.9644
-369.48561	-380.43301	548.80276
-368.94933	-380.16495	549.96609
-368.08175	-380.16648	550.36595
-367.30048	-380.16495	549.816
-367.38082	-380.16489	548.86612
-368.25085	-380.1645	548.45876
-369.03509	-380.16204	549.0104
-368.16822	-379.98229	549.41871
