500
-22.81816	-18.84424	-2.19645
-22.94191	-18.9856	-2.26584
-23.01901	-18.95074	-2.47591
-23.22885	-18.88979	-2.62449
-23.32259	-18.99268	-2.71974
-23.32801	-19.27094	-2.79555
-23.56895	-19.1499	-2.98156
-23.53824	-19.39613	-3.01614
-23.64902	-19.62097	-3.0883
-23.82934	-19.48615	-3.3019
-23.87567	-19.66555	-3.3773
-24.07603	-19.5754	-3.62213
-24.17365	-19.74908	-3.65298
-24.19472	-19.98036	-3.718
-24.41899	-19.83351	-3.95382
-24.31691	-20.35588	-3.85239
-24.46102	-20.38724	-4.00123
-24.5902	-20.39501	-4.15813
-24.70396	-20.48709	-4.28163
-24.88335	-20.31065	-4.50843
-24.82924	-20.81586	-4.41687
-24.99839	-20.77902	-4.62557
-25.12832	-20.87344	-4.74229
-25.15953	-21.12765	-4.74308
-25.40072	-20.89676	-5.08004
-25.40171	-21.11898	-5.1023
-25.43074	-21.43079	-5.10785
-25.56899	-21.43164	-5.25565
-25.72181	-21.52886	-5.40202
-25.87498	-21.48237	-5.57974
-25.90175	-21.78362	-5.6045
-25.94076	-21.93288	-5.66967
-26.07079	-21.97389	-5.80647
-26.16847	-22.02944	-5.94774
-26.19608	-22.3004	-5.94639
-26.33256	-22.33011	-6.09349
-26.45766	-22.41502	-6.23122
-26.55486	-22.53676	-6.35366
-26.60614	-22.68745	-6.44057
-26.81139	-22.64655	-6.62828
-26.69541	-23.16406	-6.48693
-26.81446	-23.17756	-6.65207
-26.97141	-23.17835	-6.85331
-26.92552	-23.49089	-6.76486
-27.10865	-23.42327	-7.00326
-27.05483	-23.77838	-6.94926
-27.2458	-23.73085	-7.18379
-27.30852	-23.95634	-7.21576
-27.44904	-24.03102	-7.32608
-27.64101	-23.97335	-7.60729
-27.66251	-24.15513	-7.66544
-27.69745	-24.41067	-7.65251
-27.93366	-24.34697	-7.90177
-27.94376	-24.54252	-7.9475
-27.91903	-24.89327	-7.88927
-27.98912	-24.98303	-7.99102
-28.05302	-25.1473	-8.0521
-28.04944	-25.37134	-8.06089
-28.31112	-25.33869	-8.29335
-28.36886	-25.442	-8.41534
-28.27795	-25.79865	-8.32984
-28.55216	-25.73446	-8.60932
-28.49238	-25.97972	-8.59173
-28.47743	-26.23791	-8.57745
-28.86596	-26.03873	-8.94807
-28.72603	-26.45845	-8.8001
-28.92454	-26.42413	-9.03524
-28.8702	-26.69786	-8.9941
-28.90352	-26.90422	-9.02498
-29.06916	-26.93907	-9.20439
-29.06773	-27.11892	-9.19484
-29.07247	-27.32803	-9.21004
-29.36628	-27.24185	-9.52617
-29.1692	-27.66067	-9.37816
-29.45726	-27.59572	-9.67978
-29.40768	-27.936	-9.5618
-29.60792	-27.94651	-9.79764
-29.71616	-28.03154	-9.96251
-29.53997	-28.43455	-9.76303
-29.88824	-28.32509	-10.15633
-29.63121	-28.71788	-9.85267
-29.85164	-28.77938	-10.10006
-29.95274	-28.85232	-10.21635
-30.03374	-29.03119	-10.31186
-29.96346	-29.28604	-10.25844
-30.05684	-29.40034	-10.38792
-30.11022	-29.6142	-10.38749
-30.31954	-29.62774	-10.6261
-30.31231	-29.86909	-10.60952
-30.37148	-30.02931	-10.68018
-30.44959	-30.13489	-10.82154
-30.53065	-30.25977	-10.88762
-30.58148	-30.47696	-10.88645
-30.52442	-30.65093	-10.92526
-30.74357	-30.68814	-11.13145
-30.80022	-30.87795	-11.18558
-30.57655	-31.24012	-10.98629
-30.76519	-31.29	-11.16649
-30.87208	-31.4065	-11.32386
-30.87012	-31.6395	-11.28198
-31.07087	-31.70531	-11.51716
-30.9224	-31.9925	-11.42259
-31.2141	-31.98842	-11.66009
-31.22202	-32.22017	-11.66291
-31.23452	-32.37374	-11.70555
-31.15664	-32.61915	-11.69236
-31.05732	-32.89044	-11.51842
-31.17037	-33.00638	-11.63359
-31.2862	-33.15132	-11.78435
-31.48642	-33.22613	-11.98617
-31.23274	-33.55659	-11.70895
-31.432	-33.66839	-11.94392
-31.421	-33.80741	-11.97601
-31.63501	-33.94489	-12.17902
-31.53805	-34.1263	-12.05874
-31.45121	-34.35312	-12.0267
-31.7417	-34.42219	-12.28983
-31.8441	-34.57082	-12.41817
-31.81555	-34.77475	-12.39624
-31.90544	-34.91274	-12.44673
-31.74047	-35.19384	-12.30183
-31.80876	-35.3336	-12.39523
-31.68982	-35.57879	-12.30597
-32.03679	-35.62656	-12.64765
-31.81387	-35.91254	-12.41706
-31.98917	-36.00531	-12.63195
-31.95118	-36.21365	-12.51372
-32.18326	-36.30987	-12.784
-32.06318	-36.55732	-12.70525
-32.10987	-36.68921	-12.73187
-32.12108	-36.90697	-12.79009
-32.12807	-37.06349	-12.84854
-32.17158	-37.28177	-12.82036
-32.38332	-37.39745	-13.0499
-32.09992	-37.66097	-12.76593
-32.12762	-37.84289	-12.8187
-32.38047	-37.92459	-13.06781
-32.45051	-38.08721	-13.18833
-32.50152	-38.24526	-13.19999
-32.3392	-38.49194	-13.0255
-32.20445	-38.7309	-12.88556
-32.17607	-38.91818	-12.8879
-32.22298	-39.106	-12.89418
-32.30985	-39.24596	-13.05564
-32.46018	-39.39598	-13.20746
-32.56708	-39.54206	-13.31526
-32.42817	-39.78479	-13.14408
-32.40433	-39.9209	-13.16624
-32.63674	-40.08732	-13.44026
-32.67061	-40.23472	-13.45748
-32.47564	-40.48434	-13.21911
-32.49997	-40.64523	-13.27212
-32.6893	-40.81095	-13.54304
-32.72587	-41.00393	-13.50434
-32.54156	-41.16368	-13.33031
-32.41031	-41.43396	-13.23211
-32.54767	-41.59748	-13.32421
-32.74611	-41.72396	-13.59458
-32.55601	-41.93307	-13.33151
-32.72162	-42.11913	-13.59592
-32.50719	-42.29141	-13.34911
-32.57185	-42.4966	-13.44203
-32.73067	-42.63414	-13.57596
-32.60167	-42.8207	-13.50148
-32.40076	-43.00718	-13.29012
-32.52719	-43.20488	-13.36909
-32.52836	-43.41408	-13.41066
-32.54865	-43.56508	-13.38864
-32.50651	-43.75564	-13.36234
-32.55296	-43.95187	-13.44599
-32.70234	-44.10985	-13.56354
-32.46571	-44.31042	-13.33085
-32.5772	-44.49212	-13.44599
-32.58097	-44.67232	-13.45887
-32.68548	-44.87569	-13.57883
-32.53941	-45.01853	-13.38475
-32.69067	-45.21882	-13.58877
-32.70113	-45.39242	-13.61096
-32.50537	-45.56376	-13.44736
-32.58002	-45.77726	-13.55539
-32.56192	-45.93779	-13.48521
-32.43454	-46.10981	-13.33332
-32.6007	-46.30175	-13.48898
-32.42619	-46.45603	-13.33222
-32.38705	-46.65802	-13.27538
-32.636	-46.83852	-13.56163
-32.39535	-47.04557	-13.34631
-32.55393	-47.24983	-13.46874
-32.44116	-47.3834	-13.42441
-32.58333	-47.58009	-13.54973
-32.62403	-47.80854	-13.5331
-32.52607	-47.94167	-13.48808
-32.32656	-48.08278	-13.25266
-32.34249	-48.27763	-13.26883
-32.46484	-48.47663	-13.42771
-32.45306	-48.66306	-13.41705
-32.16292	-48.75902	-13.11747
-32.11928	-48.92598	-13.02877
-32.37652	-49.21307	-13.28946
-32.33869	-49.38133	-13.32423
-32.02576	-49.48625	-12.96434
-32.06755	-49.65636	-12.97186
-32.13572	-49.88304	-13.10695
-32.14963	-50.08434	-13.11555
-32.15756	-50.31248	-13.16855
-32.02731	-50.41698	-12.94296
-32.15831	-50.63634	-13.14636
-31.99777	-50.78589	-12.96905
-31.93444	-50.92286	-12.88804
-32.09721	-51.16403	-13.10457
-31.71924	-51.24287	-12.68122
-31.90459	-51.48497	-12.90459
-31.84056	-51.6461	-12.83905
-31.89364	-51.8659	-12.88227
-31.75603	-52.05387	-12.73175
-31.8371	-52.26667	-12.85146
-31.72402	-52.38478	-12.66205
-31.70579	-52.56638	-12.63282
-31.6238	-52.75949	-12.65738
-31.5914	-52.88573	-12.57729
-31.38269	-52.99718	-12.38028
-31.59589	-53.28161	-12.58572
-31.47336	-53.37024	-12.45107
-31.27056	-53.48341	-12.18944
-31.35805	-53.7719	-12.33066
-31.42249	-54.00175	-12.42153
-31.39084	-54.17819	-12.40524
-31.16999	-54.18129	-12.13674
-31.09719	-54.35969	-12.04967
-31.28615	-54.65876	-12.27098
-31.18499	-54.79301	-12.16955
-31.11684	-54.98263	-12.1021
-31.0171	-55.08369	-11.98429
-30.81851	-55.19482	-11.7879
-30.88734	-55.4634	-11.84971
-30.90593	-55.65141	-11.91224
-30.80074	-55.77965	-11.77683
-30.7806	-55.96937	-11.73773
-30.59991	-56.01251	-11.54691
-30.69504	-56.32154	-11.68833
-30.51527	-56.36031	-11.48176
-30.63946	-56.66663	-11.55049
-30.55888	-56.85332	-11.5199
-30.53164	-56.98108	-11.54875
-30.38667	-57.09563	-11.32661
-30.10028	-57.1265	-11.0585
-30.21653	-57.39523	-11.17659
-29.99416	-57.46884	-10.93165
-30.00437	-57.59428	-10.95125
-29.98341	-57.80379	-10.88668
-30.02431	-58.10532	-11.04677
-29.89189	-58.21111	-10.89876
-29.8243	-58.3287	-10.76494
-29.84986	-58.56512	-10.80072
-29.72241	-58.71954	-10.69981
-29.77554	-58.92811	-10.7258
-29.69478	-59.11718	-10.64485
-29.45268	-59.04316	-10.40141
-29.36395	-59.22022	-10.34175
-29.3024	-59.35348	-10.21936
-29.40382	-59.68593	-10.31497
-29.36737	-59.86378	-10.29381
-29.09728	-59.82972	-10.00728
-28.94708	-59.88006	-9.84583
-29.19228	-60.31725	-10.09978
-29.0382	-60.43035	-10.01729
-29.08676	-60.62999	-9.94049
-28.92731	-60.76009	-9.79321
-28.73812	-60.75421	-9.60551
-28.65632	-60.85451	-9.52123
-28.57777	-61.05894	-9.45449
-28.45924	-61.15301	-9.38007
-28.3509	-61.2354	-9.22755
-28.19359	-61.37809	-9.07607
-28.31752	-61.68328	-9.19615
-28.25555	-61.82896	-9.13409
-28.10852	-61.91463	-9.01086
-28.05243	-62.03335	-8.91756
-27.9757	-62.19011	-8.83533
-27.95177	-62.37514	-8.74868
-27.7	-62.31314	-8.50949
-27.78942	-62.68998	-8.63133
-27.78439	-62.91271	-8.62527
-27.58282	-62.89793	-8.46712
-27.54982	-63.17617	-8.41101
-27.4448	-63.23475	-8.26389
-27.33281	-63.31914	-8.16956
-27.21337	-63.42992	-8.03824
-27.19537	-63.61726	-8.03977
-27.05603	-63.75201	-7.8936
-26.95467	-63.8187	-7.76424
-26.89342	-64.0005	-7.68623
-26.73378	-63.98512	-7.50387
-26.72228	-64.22758	-7.50984
-26.6061	-64.33034	-7.43983
-26.57635	-64.56771	-7.37401
-26.541	-64.72806	-7.35686
-26.39417	-64.73714	-7.11813
-26.16907	-64.68428	-6.90892
-26.23581	-65.08108	-7.01621
-25.9756	-64.94107	-6.72485
-26.00699	-65.21926	-6.71894
-25.80778	-65.17759	-6.53619
-25.93036	-65.67613	-6.6821
-25.64301	-65.44566	-6.31321
-25.60694	-65.69477	-6.33671
-25.45439	-65.68368	-6.14571
-25.45223	-65.97408	-6.15951
-25.37648	-66.15163	-6.13596
-25.31563	-66.41089	-6.09094
-25.25289	-66.43108	-5.90649
-24.95906	-66.25186	-5.62953
-24.94001	-66.51179	-5.62251
-24.79541	-66.53687	-5.46704
-24.7156	-66.70477	-5.41363
-24.55922	-66.67116	-5.20822
-24.51939	-66.89411	-5.16868
-24.53341	-67.21546	-5.18366
-24.33781	-67.17455	-4.96508
-24.38095	-67.475	-5.0389
-24.12197	-67.36483	-4.73266
-24.02911	-67.40333	-4.60496
-23.90701	-67.53259	-4.50173
-23.7331	-67.50053	-4.32841
-23.72178	-67.75772	-4.32767
-23.74281	-68.12206	-4.34064
-23.50538	-67.87027	-4.02536
-23.3583	-67.8819	-3.87591
-23.29967	-68.16671	-3.9174
-23.22917	-68.29093	-3.79301
-23.11792	-68.37584	-3.70828
-23.03359	-68.53111	-3.56573
-22.96275	-68.73444	-3.50955
-22.80963	-68.64174	-3.33334
-22.78808	-69.02332	-3.3274
-22.6223	-68.89289	-3.13135
-22.51367	-68.98306	-3.0042
-22.48503	-69.27071	-2.99051
-22.34673	-69.34934	-2.85133
-22.11988	-69.11623	-2.60038
-22.17719	-69.59128	-2.60978
-21.91876	-69.29913	-2.3716
-21.82196	-69.35272	-2.24749
-21.70305	-69.60145	-2.13791
-21.57657	-69.53553	-1.99901
-21.4991	-69.73414	-1.94584
-21.37242	-69.91675	-1.87623
-21.28254	-69.90477	-1.65015
-21.14859	-69.83764	-1.55847
-21.13561	-70.30703	-1.55809
-20.9768	-70.37042	-1.42034
-20.81699	-70.19748	-1.24671
-20.73848	-70.37475	-1.12838
-20.56094	-70.368	-0.98178
-20.50605	-70.33876	-0.84735
-20.41562	-70.4706	-0.70778
-20.27531	-70.47313	-0.59696
-20.20784	-70.81299	-0.53386
-20.00512	-70.57605	-0.32018
-19.91459	-70.60174	-0.17152
-19.77332	-70.69676	-0.09009
-19.68631	-70.78741	0.08423
-19.52257	-70.77921	0.20661
-19.4867	-71.1243	0.22886
-19.40721	-71.34344	0.31198
-19.26226	-71.24113	0.48016
-19.07258	-71.05638	0.69508
-19.04815	-71.49629	0.68088
-18.90288	-71.44507	0.85771
-18.74005	-71.23242	1.04563
-18.6084	-71.16307	1.21291
-18.51012	-71.4493	1.28792
-18.39221	-71.36009	1.48526
-18.2578	-71.43683	1.57771
-18.15317	-71.55761	1.68042
-18.06435	-71.69544	1.77836
-17.98405	-71.99623	1.84656
-17.80207	-71.77823	2.03552
-17.66904	-71.66547	2.20304
-17.60378	-72.00902	2.23516
-17.47629	-72.13744	2.43002
-17.36422	-72.16616	2.52606
-17.24857	-72.03476	2.68751
-17.07922	-72.17011	2.7803
-16.9776	-72.24574	2.93381
-16.84394	-72.02634	3.15091
-16.73362	-72.1589	3.23981
-16.61338	-72.23615	3.31665
-16.43714	-71.99977	3.52932
-16.35298	-72.11332	3.62542
-16.27055	-72.42723	3.71712
-16.09468	-72.20243	3.85934
-16.05176	-72.65635	3.94169
-15.89537	-72.22628	4.11338
-15.77069	-72.46983	4.25186
-15.63521	-72.26683	4.41004
-15.48505	-72.22797	4.58251
-15.37371	-72.26242	4.65989
-15.29389	-72.70465	4.79875
-15.14809	-72.3879	4.93697
-15.06041	-72.48935	5.05106
-14.92517	-72.41337	5.16397
-14.74751	-72.68212	5.2984
-14.67504	-72.64036	5.45426
-14.5545	-72.70874	5.58322
-14.41233	-72.64905	5.73116
-14.28372	-72.68088	5.81858
-14.19787	-72.74653	5.97799
-14.10875	-72.90088	6.13464
-13.92292	-72.78872	6.23444
-13.84069	-73.05811	6.35016
-13.68456	-72.58768	6.50901
-13.57461	-72.57191	6.68915
-13.46319	-72.68327	6.79245
-13.35129	-72.70414	6.8836
-13.20811	-72.64406	7.09457
-13.08297	-72.81565	7.20769
-12.92826	-72.52154	7.29952
-12.87923	-72.96381	7.44848
-12.71122	-72.51817	7.56158
-12.62152	-72.85762	7.71062
-12.46208	-73.05534	7.86259
-12.33031	-72.99809	8.00357
-12.22026	-72.93354	8.12994
-12.10612	-73.01539	8.24162
-11.97962	-72.93088	8.39315
-11.85995	-72.92442	8.55971
-11.72457	-72.53082	8.63588
-11.59159	-72.58701	8.77906
-11.53552	-72.59977	8.90782
-11.38088	-72.57556	9.07739
-11.25799	-72.49175	9.20933
-11.10249	-72.93075	9.35782
-10.99904	-72.66871	9.44336
-10.85574	-72.84133	9.60853
-10.76787	-72.46743	9.72638
-10.59528	-72.64614	9.87702
-10.43671	-72.84209	10.02203
-10.36889	-72.69544	10.15086
-10.32749	-72.29367	10.22733
-10.11613	-72.72055	10.40258
-10.03802	-72.42326	10.53958
-9.91913	-72.25548	10.61824
-9.81392	-72.20914	10.77384
-9.67487	-72.29454	10.90316
-9.55454	-72.46112	11.09468
-9.42198	-72.36598	11.2007
-9.28494	-72.36308	11.30081
-9.15851	-72.51291	11.49462
-9.05755	-72.17718	11.58318
-8.90988	-72.41131	11.75004
-8.82118	-72.37544	11.86522
-8.65934	-72.22985	12.01155
-8.60838	-72.02594	12.12238
-8.4898	-71.87966	12.24447
-8.37812	-71.88302	12.34267
-8.26258	-71.71061	12.49932
-8.05078	-72.17696	12.70103
-8.02265	-71.75038	12.7228
-7.86845	-71.93861	12.93089
-7.7219	-71.95049	13.06268
-7.56682	-71.95251	13.21588
-7.55816	-71.51737	13.26868
-7.35253	-71.82172	13.46428
-7.26108	-71.79406	13.57968
-7.17827	-71.60886	13.70154
-7.10312	-71.23612	13.75447
-6.97814	-71.20838	13.88432
-6.86977	-71.19378	14.02318
-6.68452	-71.44907	14.24625
-6.58898	-71.42574	14.36688
-6.40347	-71.43067	14.53131
-6.30028	-71.41331	14.64036
-6.17637	-71.32409	14.79215
-6.13659	-71.08516	14.86353
-6.06167	-70.73804	14.92439
-5.91782	-70.83404	15.06703
-5.792	-70.80826	15.20119
-5.64025	-70.8591	15.33985
-5.51737	-70.8366	15.49785
-5.44352	-70.69088	15.59965
-5.27931	-70.69064	15.77118
-5.28616	-70.30986	15.77287
-5.08266	-70.50963	15.96101
-5.05139	-70.2324	16.01234
-4.90632	-70.26843	16.20277
-4.69984	-70.45157	16.40108
-4.62896	-70.24257	16.49246
-4.54441	-70.03554	16.58265
-4.42287	-70.05321	16.71917
-4.2804	-70.08299	16.88141
-4.27734	-69.70427	16.88876
-4.13089	-69.63431	17.05323
-3.98949	-69.77201	17.23486
-3.847	-69.78729	17.33766
-3.75664	-69.58564	17.46487
-3.71595	-69.23884	17.48802
-3.63249	-69.18208	17.62113
-3.45963	-69.21688	17.77399
-3.36587	-69.15272	17.92559
