93
-77.90754	651.07284	-491.82984
-78.03476	650.6707	-491.93698
-78.13101	650.2612	-492.04736
-78.20168	649.84568	-492.15819
-78.24046	649.42745	-492.27011
-78.24723	649.00671	-492.38534
-78.23067	648.58749	-492.49853
-78.17579	648.17134	-492.61158
-78.10371	647.75746	-492.72522
-77.99188	647.3521	-492.83631
-77.86035	646.9522	-492.94598
-77.69517	646.56396	-493.05357
-77.50523	646.18664	-493.15813
-77.29292	645.82105	-493.25994
-77.05065	645.47223	-493.3572
-76.78562	645.13996	-493.45118
-76.49489	644.8271	-493.53929
-76.18945	644.53053	-493.62294
-75.85898	644.25829	-493.70087
-75.51219	644.00489	-493.77291
-75.1492	643.77611	-493.84081
-74.76962	643.57022	-493.90123
-74.37538	643.39484	-493.95332
-73.97333	643.2373	-494.00093
-73.55693	643.11499	-494.03909
-73.13527	643.01422	-494.07187
-72.70632	642.94083	-494.09654
-72.27367	642.90151	-494.11301
-71.83886	642.88504	-494.12268
-71.40426	642.90019	-494.12509
-70.97033	642.93617	-494.1199
-70.54208	643.00932	-494.1056
-70.11824	643.10738	-494.08404
-69.70322	643.23338	-494.05579
-69.29757	643.38589	-494.019
-68.90219	643.56374	-493.9753
-68.52112	643.76556	-493.92518
-68.1535	643.99297	-493.86972
-67.8036	644.24432	-493.80479
-67.47292	644.51847	-493.73535
-67.15871	644.80919	-493.6597
-66.86784	645.12326	-493.57891
-66.60297	645.45686	-493.49139
-66.35907	645.80566	-493.40061
-66.13632	646.16697	-493.30487
-65.94363	646.54493	-493.20434
-65.77649	646.93263	-493.10192
-65.64074	647.33231	-492.99596
-65.52945	647.73844	-492.88696
-65.44342	648.15022	-492.77642
-65.39349	648.5684	-492.66367
-65.36879	648.98737	-492.5502
-65.37399	649.40754	-492.43629
-65.40904	649.82563	-492.32326
-65.4687	650.24151	-492.20955
-65.56369	650.65108	-492.09763
-65.68517	651.05443	-491.98728
-65.83193	651.44889	-491.87815
-66.00984	651.83169	-491.77248
-66.21143	652.20371	-491.66906
-66.44422	652.55725	-491.57079
-66.6939	652.90128	-491.47436
-66.97075	653.22454	-491.38265
-67.26883	653.52966	-491.29698
-67.58759	653.81487	-491.21569
-67.92494	654.07807	-491.1401
-68.28246	654.31567	-491.07161
-68.6546	654.53321	-491.00764
-69.04021	654.72627	-490.9494
-69.43934	654.89004	-490.90092
-69.84841	655.03446	-490.85728
-70.26791	655.1441	-490.8222
-70.69434	655.22847	-490.79352
-71.12494	655.28433	-490.77308
-71.55821	655.31961	-490.75953
-71.99244	655.3199	-490.75274
-72.42756	655.28712	-490.7568
-72.86044	655.23545	-490.76562
-73.28651	655.15276	-490.78251
-73.70624	655.04062	-490.80706
-74.1162	654.89841	-490.84151
-74.51882	654.73624	-490.87971
-74.9061	654.54634	-490.92582
-75.28144	654.3301	-490.98054
-75.63997	654.09118	-491.0405
-75.98028	653.82902	-491.10738
-76.30004	653.54221	-491.1809
-76.60078	653.23864	-491.25945
-76.88073	652.91669	-491.343
-77.13917	652.57663	-491.43219
-77.36872	652.22048	-491.52617
-77.57571	651.85015	-491.62285
-77.75935	651.46784	-491.72346
