407
9.29729	5.67675	428.38433
7.84331	7.09212	425.89235
6.38147	8.52063	423.40195
4.91433	9.94749	420.90624
3.46241	11.37331	418.422
1.99428	12.79392	415.92265
0.54548	14.22478	413.42224
-0.91949	15.64764	410.93159
-2.38112	17.07237	408.44635
-3.83999	18.48758	405.95465
-5.30384	19.91896	403.45854
-6.76605	21.33916	400.96412
-8.21629	22.76266	398.47573
-9.68209	24.1904	395.97715
-11.14716	25.61391	393.48838
-12.60915	27.04394	390.9884
-14.06202	28.4646	388.49155
-15.51901	29.88947	386.01275
-16.98322	31.31208	383.51477
-18.43622	32.73407	381.02091
-19.90308	34.16044	378.52914
-21.36537	35.58638	376.03785
-22.82216	37.01069	373.55266
-24.27811	38.43324	371.05565
-25.74231	39.86339	368.56429
-27.20548	41.29053	366.06511
-28.66618	42.71142	363.58048
-30.12268	44.13638	361.09999
-31.58409	45.56135	358.59438
-33.04737	46.98507	356.11523
-34.51405	48.41812	353.62098
-35.96937	49.83858	351.11966
-37.41957	51.26401	348.63219
-38.89658	52.68985	346.14003
-40.34883	54.11534	343.64816
-41.80409	55.54257	341.15335
-43.26397	56.97398	338.65823
6.30875	4.11588	429.24377
4.84918	5.54024	426.74997
3.3876	6.96528	424.25677
1.93459	8.39067	421.76483
0.47309	9.80516	419.27226
-0.99126	11.23893	416.78497
-2.44948	12.66199	414.28615
-3.91296	14.0829	411.7919
-5.36764	15.50312	409.30871
-6.83059	16.93289	406.80819
-8.30143	18.35801	404.3171
-9.74909	19.78223	401.82118
-11.20359	21.20703	399.32191
-12.66872	22.62416	396.83528
-14.13349	24.05863	394.34872
-15.59491	25.47591	391.85819
-17.04641	26.89994	389.35061
-18.51943	28.32662	386.8717
-19.96617	29.75723	384.37495
-21.42986	31.1693	381.88123
-22.89534	32.60719	379.38513
-24.34947	34.02864	376.90344
-25.80974	35.44898	374.40924
-27.27596	36.87439	371.91569
-28.72652	38.29573	369.42921
-30.19027	39.72485	366.93205
-31.64913	41.15219	364.44231
-33.11734	42.58265	361.9563
-34.5838	43.99825	359.45538
-36.03918	45.42672	356.96954
-37.49438	46.85476	354.47672
-38.95738	48.27962	351.98319
-40.42522	49.70052	349.49481
-41.87171	51.14046	347.00163
-43.3371	52.55625	344.50763
-44.79876	53.98533	342.01282
-46.257	55.4072	339.52166
3.32031	2.55502	430.09983
1.86114	3.9881	427.60813
0.40096	5.40394	425.11599
-1.05883	6.82694	422.62259
-2.5178	8.25261	420.13466
-3.97649	9.67645	417.64138
-5.4392	11.10216	415.14446
-6.89702	12.52779	412.65167
-8.35293	13.94773	410.16259
-9.81892	15.37579	407.66464
-11.27213	16.79677	405.17744
-12.7372	18.22196	402.68061
-14.19218	19.64633	400.194
-15.65516	21.06377	397.69732
-17.11877	22.48899	395.20685
-18.57624	23.91267	392.71905
-20.03557	25.34369	390.2201
-21.49872	26.76607	387.72471
-22.96595	28.19174	385.24155
-24.41577	29.61028	382.74105
-25.88391	31.04481	380.2517
-27.33198	32.46819	377.76593
-28.80126	33.89305	375.26783
-30.25798	35.31752	372.77698
-31.72414	36.73862	370.28534
-33.18736	38.16247	367.79373
-34.63326	39.5935	365.30798
-36.10253	41.02518	362.81334
-37.55839	42.44759	360.31581
-39.02778	43.86192	357.82574
-40.48323	45.29549	355.33378
-41.94335	46.72106	352.84229
-43.4065	48.13716	350.35525
-44.85537	49.57296	347.8562
-46.32599	50.99637	345.37178
-47.78134	52.42201	342.86647
-49.24281	53.84905	340.38815
0.33351	0.99515	430.95962
-1.12886	2.41825	428.46755
-2.58771	3.84138	425.97424
-4.04728	5.26847	423.48119
-5.50504	6.69375	420.9894
-6.96225	8.11661	418.49509
-8.4356	9.53585	416.0006
-9.88465	10.96586	413.50776
-11.34662	12.38838	411.01896
-12.80476	13.80869	408.52291
-14.25755	15.23969	406.02654
-15.72499	16.65524	403.53648
-17.19363	18.08188	401.05123
-18.64611	19.50714	398.55418
-20.10029	20.9275	396.06815
-21.56573	22.35587	393.56986
-23.02788	23.78085	391.07678
-24.48565	25.20622	388.5839
-25.94731	26.63127	386.09285
-27.40438	28.05648	383.60268
-28.86636	29.48126	381.11122
-30.32429	30.91096	378.61751
-31.79255	32.32848	376.13378
-33.25044	33.75809	373.63653
-34.69958	35.18358	371.13706
-36.16793	36.61164	368.64882
-37.6303	38.03011	366.16478
-39.09355	39.45966	363.66677
-40.55422	40.88952	361.17063
-42.01153	42.31119	358.67977
-43.46715	43.74042	356.19685
-44.93003	45.1612	353.70218
-46.3925	46.58582	351.2104
-47.85411	48.01454	348.71921
-49.31282	49.4381	346.22647
-50.77392	50.86692	343.7366
-52.23386	52.29367	341.23768
-2.64433	-0.5668	431.82361
-4.10837	0.85264	429.32229
-5.56922	2.28781	426.834
-7.03691	3.70962	424.33988
-8.49648	5.13154	421.84481
-9.95604	6.55396	419.35283
-11.40813	7.97275	416.85578
-12.87294	9.40299	414.36979
-14.33111	10.82444	411.87906
-15.79214	12.25606	409.39162
-17.25001	13.66983	406.89276
-18.7096	15.09061	404.39497
-20.17407	16.524	401.90608
-21.63403	17.94827	399.4135
-23.08462	19.37874	396.91931
-24.56	20.79602	394.42548
-26.01692	22.21789	391.93392
-27.48104	23.64313	389.43884
-28.92945	25.06801	386.9555
-30.39857	26.49404	384.46268
-31.85288	27.91808	381.9694
-33.31528	29.34682	379.47837
-34.77425	30.77402	376.97985
-36.23321	32.20159	374.49375
-37.6915	33.62115	372.0039
-39.15527	35.04824	369.51183
-40.62435	36.47696	367.01588
-42.07801	37.9006	364.52769
-43.538	39.32529	362.03899
-45.00197	40.75781	359.54434
-46.45976	42.17717	357.05204
-47.91496	43.60597	354.5553
-49.37766	45.03005	352.07178
-50.83081	46.45483	349.58249
-52.30864	47.88151	347.07911
-53.76092	49.30732	344.59589
-55.22094	50.73053	342.10293
-5.63525	-2.12881	432.67986
-7.09487	-0.70195	430.18075
-8.55945	0.71996	427.69277
-10.02456	2.1467	425.19841
-11.48322	3.56794	422.70847
-12.94286	4.99322	420.21399
-14.39981	6.42149	417.72102
-15.86008	7.84386	415.22778
-17.31718	9.27604	412.73771
-18.78175	10.69103	410.24092
-20.24613	12.11836	407.75064
-21.70593	13.53922	405.25648
-23.15745	14.96015	402.76513
-24.62219	16.38755	400.27951
-26.08738	17.81601	397.77408
-27.53219	19.23854	395.29086
-29.0016	20.6611	392.7954
-30.45854	22.0835	390.29686
-31.92127	23.50602	387.81375
-33.38188	24.93439	385.31976
-34.85072	26.35594	382.82504
-36.30186	27.79628	380.33128
-37.76333	29.22213	377.84223
-39.22537	30.64782	375.35299
-40.69481	32.0686	372.86691
-42.14383	33.49249	370.37192
-43.6015	34.9181	367.8823
-45.06174	36.34435	365.38692
-46.5242	37.76943	362.89591
-47.9976	39.19573	360.40432
-49.4485	40.6184	357.91254
-50.91501	42.03953	355.42784
-52.37038	43.46242	352.93216
-53.82892	44.89481	350.43709
-55.28858	46.31716	347.94456
-56.74966	47.74404	345.45431
-58.20992	49.16754	342.96313
-8.63079	-3.68559	433.53486
-10.09068	-2.26064	431.04673
-11.55194	-0.83823	428.54635
-13.01011	0.58634	426.0583
-14.46739	2.0087	423.56547
-15.93198	3.42342	421.07137
-17.39003	4.85722	418.57873
-18.85064	6.28201	416.0881
-20.30493	7.70235	413.59709
-21.76785	9.13247	411.09187
-23.2312	10.55422	408.61419
-24.68714	11.98461	406.11362
-26.14333	13.41125	403.62578
-27.60854	14.82579	401.13012
-29.06894	16.2516	398.64159
-30.5298	17.67707	396.14631
-31.99093	19.10236	393.65407
-33.45404	20.52724	391.16566
-34.9113	21.94897	388.66897
-36.37256	23.37808	386.18054
-37.83949	24.80445	383.69041
-39.28613	26.22488	381.1983
-40.75412	27.65563	378.70494
-42.21511	29.08204	376.2207
-43.67509	30.51639	373.7227
-45.13702	31.92208	371.23414
-46.59323	33.35562	368.7421
-48.05497	34.78317	366.24618
-49.50874	36.21543	363.75556
-50.97508	37.63509	361.27249
-52.44315	39.05785	358.77095
-53.89638	40.48549	356.27804
-55.35747	41.90978	353.7884
-56.8152	43.33434	351.29227
-58.27464	44.75583	348.80245
-59.73707	46.18405	346.3188
-61.20571	47.61053	343.81552
-11.61459	-5.24385	434.39111
-13.07605	-3.82327	431.90214
-14.53868	-2.39772	429.40663
-15.99738	-0.9733	426.91506
-17.45994	0.45211	424.43182
-18.92076	1.87783	421.92901
-20.37461	3.29901	419.43401
-21.82967	4.72058	416.94748
-23.2974	6.14592	414.45315
-24.75969	7.5732	411.96011
-26.2202	8.99051	409.46533
-27.67782	10.41928	406.97416
-29.13429	11.83603	404.47466
-30.59778	13.26619	401.98924
-32.06201	14.69717	399.49545
-33.52048	16.12035	397.00039
-34.98103	17.54338	394.51515
-36.44659	18.96773	392.02822
-37.90311	20.39705	389.52291
-39.35872	21.82467	387.04806
-40.82061	23.24655	384.55301
-42.28213	24.66643	382.05941
-43.73722	26.09551	379.5576
-45.20527	27.52197	377.0716
-46.66253	28.94746	374.58072
-48.12446	30.37038	372.09218
-49.57517	31.79243	369.60191
-51.04559	33.22416	367.10747
-52.5036	34.64892	364.61433
-53.97138	36.06661	362.12463
-55.42813	37.50061	359.63478
-56.88831	38.92862	357.13911
-58.34989	40.34997	354.6499
-59.80768	41.77281	352.1565
-61.26017	43.20215	349.67148
-62.72118	44.63001	347.16526
-64.18492	46.052	344.68186
-14.61228	-6.8132	435.25643
-16.06218	-5.37906	432.76106
-17.52604	-3.96077	430.27246
-18.97872	-2.53135	427.77383
-20.44717	-1.1138	425.28251
-21.9032	0.31781	422.79374
-23.35998	1.72955	420.29471
-24.82039	3.16387	417.80489
-26.28751	4.59079	415.31219
-27.74306	6.01669	412.82305
-29.19963	7.43743	410.32738
-30.66772	8.85642	407.83057
-32.12559	10.28685	405.33735
-33.58671	11.6992	402.85134
-35.04841	13.13592	400.35534
-36.50208	14.55698	397.87271
-37.96781	15.98418	395.37571
-39.42785	17.41028	392.88206
-40.89084	18.84462	390.38839
-42.34852	20.26066	387.89876
-43.80955	21.68707	385.40606
-45.26582	23.11328	382.92238
-46.72912	24.53946	380.42739
-48.18698	25.97131	377.93621
-49.65041	27.38786	375.44081
-51.11017	28.82311	372.94699
-52.57082	30.23861	370.45735
-54.03301	31.66646	367.96356
-55.49447	33.08914	365.47455
-56.95372	34.51954	362.98229
-58.41189	35.94327	360.50082
-59.88159	37.36615	358.00353
-61.33659	38.7923	355.50361
-62.795	40.21489	353.01709
-64.25442	41.64204	350.52474
-65.7148	43.06912	348.03348
-67.17907	44.50022	345.54083
-17.59707	-8.35767	436.11116
-19.05377	-6.94395	433.61725
-20.51794	-5.5171	431.13199
-21.96727	-4.09411	428.63705
-23.43458	-2.67813	426.14686
-24.89775	-1.25181	423.6461
-26.3511	0.17794	421.1537
-27.81548	1.60209	418.66191
-29.2688	3.02283	416.16706
-30.73003	4.45018	413.6765
-32.19963	5.87804	411.18176
-33.65667	7.29671	408.68911
-35.11267	8.72288	406.19883
-36.56919	10.14819	403.70564
-38.03293	11.56927	401.21244
-39.49704	12.99169	398.71968
-40.95512	14.42539	396.23354
-42.41537	15.85038	393.74147
-43.87557	17.27586	391.25509
-45.3368	18.70198	388.75623
-46.79312	20.11856	386.2672
-48.25108	21.55534	383.77301
-49.7182	22.96752	381.28547
-51.18291	24.39783	378.78928
-52.63158	25.83431	376.30338
-54.09958	27.2492	373.80799
-55.55599	28.6783	371.32315
-57.01824	30.10559	368.82443
-58.4779	31.52842	366.32978
-59.93693	32.96172	363.84732
-61.39866	34.38114	361.35283
-62.87088	35.81086	358.86079
-64.32348	37.2351	356.36336
-65.78628	38.65566	353.87258
-67.24173	40.0736	351.38112
-68.70683	41.51626	348.88912
-70.16089	42.93778	346.40288
-20.5808	-9.92697	436.96962
-22.03726	-8.50688	434.46594
-23.50195	-7.07458	431.98359
-24.96104	-5.65579	429.49092
-26.41477	-4.23387	427.00166
-27.88186	-2.79771	424.51051
-29.33564	-1.3836	422.0146
-30.80375	0.0502	419.52263
-32.26392	1.46614	417.03122
-33.71931	2.89803	414.53332
-35.18646	4.31032	412.04097
-36.63656	5.74263	409.55499
-38.10809	7.16914	407.06447
-39.55599	8.59348	404.56593
-41.01957	10.01391	402.0759
-42.48438	11.44029	399.58535
-43.94963	12.86915	397.08869
-45.4037	14.29118	394.60207
-46.85795	15.7209	392.10488
-48.32829	17.15032	389.61817
-49.78339	18.56559	387.12465
-51.24637	19.99224	384.63501
-52.70324	21.4161	382.13351
-54.16694	22.84433	379.65118
-55.6206	24.27301	377.1623
-57.09468	25.68662	374.66854
-58.55522	27.12101	372.17994
-60.00946	28.54604	369.68448
-61.46502	29.96914	367.20217
-62.93173	31.39728	364.70657
-64.39076	32.82294	362.20941
-65.84804	34.24794	359.71872
-67.3171	35.66923	357.22175
-68.76268	37.09683	354.73425
-70.22734	38.52528	352.24606
-71.69884	39.94353	349.75256
-73.14373	41.37512	347.25251
