175
53.74607	19.47497	-0.9906
53.85878	28.59655	-2.26772
53.95825	37.83258	-3.44057
54.05686	46.8737	-4.81982
54.16118	56.19819	-5.80804
54.18467	65.35767	-7.22418
54.19946	74.70728	-8.35156
54.33599	83.68867	-9.48289
54.46282	92.78041	-10.66882
54.38631	102.02409	-11.90371
54.47637	111.30236	-13.15681
54.47515	120.4551	-14.29576
54.57466	129.53973	-15.60642
54.54422	138.91569	-16.66662
54.40276	148.07291	-18.00902
54.44897	157.25305	-19.20254
54.2361	166.44627	-20.50891
54.30439	175.57768	-21.60612
54.41695	184.73175	-22.79411
54.08498	193.90563	-24.15627
54.18265	203.24136	-25.30233
53.98141	212.35574	-26.42823
53.94877	221.50657	-27.62074
53.90514	230.71135	-28.86214
53.7424	239.88269	-30.07731
53.76222	21.0408	11.19245
53.82765	30.21904	9.99715
53.94261	39.53641	8.72811
54.09703	48.53702	7.57228
54.0579	57.95589	6.40286
54.28806	66.99814	5.34226
54.44539	76.19352	4.00537
54.37488	85.19288	2.76937
54.38887	94.45699	1.51113
54.41581	103.70978	0.26266
54.52917	112.92687	-1.0084
54.47867	122.16626	-2.11472
54.41061	131.27524	-3.27025
54.38961	140.39069	-4.52425
54.4189	149.5543	-5.69688
54.44905	158.84682	-6.99994
54.23529	168.10971	-8.11615
54.33644	177.15471	-9.45239
54.38814	186.27417	-10.57024
54.2074	195.45321	-11.76901
54.14911	204.8131	-13.00924
53.98625	213.92315	-14.19974
53.95806	223.13364	-15.39656
53.71234	232.22282	-16.55203
53.90352	241.5174	-17.73667
53.7645	22.6893	23.35612
53.75479	31.98667	22.13714
53.94541	41.03772	21.01985
54.04451	50.21826	19.84396
54.15647	59.44762	18.73393
54.2659	68.63153	17.23548
54.29263	77.73738	16.1866
54.35077	87.08365	14.93344
54.37568	96.10468	13.76694
54.51872	105.37822	12.52824
54.30936	114.63033	11.28431
54.34066	123.73686	10.14182
54.53056	132.86446	8.87838
54.53322	142.05712	7.85857
54.48522	151.26432	6.5099
54.41733	160.42104	5.2184
54.42837	169.66842	4.12132
54.41001	178.80279	2.88726
54.28008	188.00054	1.64399
54.21073	197.29404	0.38161
54.13227	206.39202	-0.76533
54.05591	215.44916	-2.05267
53.89968	224.81219	-3.13653
53.82924	233.86312	-4.31762
53.75814	243.13484	-5.57094
53.69636	24.16394	35.67972
53.76603	33.40439	34.65678
54.14324	42.66584	33.28731
54.0205	51.79465	31.97802
54.20655	60.97998	30.92582
54.09929	70.01893	29.58704
54.28743	79.39192	28.45291
54.36761	88.51599	27.25414
54.24881	97.79699	26.04881
54.44071	106.94574	24.83688
54.47519	116.05021	23.57982
54.64131	125.4704	22.4263
54.45383	134.51193	21.04036
54.41403	143.57363	19.90359
54.48678	152.88505	18.75386
54.55803	161.96886	17.6825
54.4048	171.306	16.2895
54.34032	180.4123	15.14812
54.22879	189.6725	14.07723
54.33129	198.77794	12.71483
54.07971	208.01524	11.4882
54.07028	217.16987	10.25375
53.91506	226.42411	9.2178
53.98954	235.4199	7.92786
53.754	244.7384	6.51462
53.70785	25.81537	47.88981
53.88894	35.21711	46.73249
53.93953	44.3316	45.51102
54.01291	53.39771	44.41776
54.13116	62.6007	43.13162
54.13988	71.80393	41.82795
54.29167	81.0406	40.67474
54.3574	90.18308	39.47415
54.40387	99.36895	38.26265
54.50051	108.50323	37.13283
54.41671	117.61466	35.76898
54.55734	126.87612	34.6291
54.45079	136.21002	33.39631
54.50791	145.29882	32.21781
54.44072	154.51707	31.12979
54.45319	163.67131	29.79645
54.56661	172.89536	28.58619
54.29113	181.86343	27.39895
54.30609	191.39703	26.04181
54.12804	200.43922	24.99479
54.28613	209.58754	23.66738
53.99495	218.73036	22.3732
53.89736	227.97409	21.30739
53.9451	237.18007	20.1569
53.75893	246.35209	18.83239
53.75623	27.48915	60.19156
53.96658	36.55685	59.03342
53.85575	45.87602	57.82321
54.00526	55.14032	56.52799
54.12033	64.28944	55.32499
54.2101	73.42084	54.13705
54.26629	82.61623	52.94477
54.33069	91.82894	51.83402
54.26846	100.91906	50.54365
54.3855	110.22546	49.23061
54.56081	119.29814	48.02164
54.56443	128.5335	46.76297
54.50195	137.74937	45.69651
54.39289	146.94533	44.53378
54.40094	156.0348	43.2877
54.64919	165.33788	42.02843
54.5715	174.58124	40.75029
54.36029	183.63554	39.56004
54.31179	192.86045	38.48077
54.18365	202.00739	37.08863
54.22089	211.15506	35.87532
54.03426	220.44243	34.59104
53.96617	229.5613	33.67384
53.85631	238.77236	32.36616
53.83256	247.99977	31.214
53.73009	28.96757	72.28908
53.93097	38.45671	71.12325
53.95654	47.47538	70.01781
54.09417	56.69046	68.81637
54.16253	65.71364	67.56155
54.24705	75.14371	66.52476
54.43857	84.21565	65.31586
54.3998	93.34737	64.03104
54.35429	102.73792	62.61281
54.31193	111.82028	61.60233
54.33821	120.99476	60.24972
54.40895	130.12173	59.00892
54.51352	139.3293	57.95306
54.61244	148.45818	56.75043
54.47294	157.72386	55.52227
54.40659	166.92722	54.27981
54.41422	176.07248	53.09536
54.30519	185.25379	51.76847
54.20751	194.26325	50.61073
54.19322	203.65407	49.47033
54.113	212.82362	48.28965
54.09791	222.05854	47.19108
53.86527	231.18536	45.89015
53.99643	240.36565	44.47362
53.64378	249.7049	43.39367
