36
4.12697	-1.73859	-3.73883
4.38008	-1.57769	-3.73574
4.62867	-1.41199	-3.736
4.88003	-1.24939	-3.73562
5.13049	-1.08338	-3.73574
5.38193	-0.92393	-3.73702
5.63228	-0.75932	-3.74134
5.88365	-0.59608	-3.74265
6.1343	-0.43442	-3.74351
6.38385	-0.26838	-3.74241
6.63299	-0.10438	-3.74044
6.8843	0.0584	-3.73917
4.03479	-1.60236	-3.74
4.28823	-1.43887	-3.73747
4.53938	-1.27648	-3.73483
4.78972	-1.11149	-3.73576
5.04198	-0.94753	-3.7378
5.29272	-0.78553	-3.73613
5.54188	-0.62111	-3.74023
5.7926	-0.45602	-3.73998
6.04368	-0.29469	-3.74294
6.29218	-0.13268	-3.744
6.54465	0.03314	-3.74078
6.79534	0.19639	-3.73805
3.94852	-1.46648	-3.74074
4.19828	-1.30133	-3.73684
4.4478	-1.13739	-3.73554
4.69942	-0.97617	-3.73628
4.95178	-0.81199	-3.73604
5.19924	-0.64545	-3.73756
5.45039	-0.48468	-3.73916
5.70135	-0.32084	-3.73909
5.95363	-0.15406	-3.74056
6.20113	0.00727	-3.74136
6.45526	0.17151	-3.74001
6.70492	0.33406	-3.73938
