396
-65.00178	-867.60845	484.44327
-65.10729	-867.56742	484.43879
-65.21253	-867.52578	484.43449
-65.31807	-867.485	484.43031
-65.4233	-867.44332	484.42594
-65.52899	-867.40202	484.42133
-65.63448	-867.36165	484.41733
-65.74022	-867.32006	484.4129
-65.84555	-867.2779	484.40843
-65.95101	-867.23764	484.40432
-66.05616	-867.19515	484.39996
-66.16212	-867.15487	484.39545
-66.26751	-867.11348	484.39126
-66.37294	-867.07206	484.38685
-66.47848	-867.03084	484.38254
-66.58387	-866.98933	484.37834
-66.68927	-866.94869	484.37376
-66.79474	-866.90649	484.36911
-66.90033	-866.86577	484.36515
-67.00594	-866.82487	484.36113
-67.11116	-866.78312	484.35638
-67.21655	-866.74135	484.35192
-67.32195	-866.70099	484.34786
-67.42755	-866.659	484.34329
-67.53313	-866.61784	484.33901
-67.63851	-866.57649	484.33459
-67.7441	-866.53558	484.33032
-67.85018	-866.49478	484.32607
-67.95533	-866.45313	484.32197
-68.06072	-866.41226	484.31776
-68.16625	-866.37103	484.31303
-68.27162	-866.32948	484.30877
-68.37694	-866.28837	484.30425
-68.48237	-866.24601	484.29998
-68.58803	-866.20529	484.29586
-68.69324	-866.16378	484.29085
-65.0098	-867.64276	484.31578
-65.11571	-867.6019	484.31136
-65.22076	-867.56036	484.30722
-65.32618	-867.51896	484.30261
-65.43183	-867.47747	484.29819
-65.53719	-867.43661	484.29425
-65.64274	-867.39551	484.28969
-65.74829	-867.35436	484.28578
-65.85407	-867.31354	484.28119
-65.95965	-867.27239	484.27693
-66.0647	-867.23116	484.27254
-66.17029	-867.18916	484.26815
-66.27572	-867.14796	484.26402
-66.38112	-867.10648	484.2594
-66.48692	-867.06546	484.25532
-66.5922	-867.0242	484.25069
-66.69741	-866.9823	484.24634
-66.80288	-866.94094	484.24175
-66.90854	-866.90022	484.2377
-67.01394	-866.85855	484.23337
-67.11963	-866.81788	484.2289
-67.22501	-866.77697	484.22504
-67.33058	-866.73491	484.22036
-67.43586	-866.69338	484.21571
-67.54142	-866.65262	484.21171
-67.64672	-866.61083	484.20723
-67.75231	-866.56967	484.20251
-67.85765	-866.528	484.19836
-67.96314	-866.48745	484.19413
-68.06862	-866.44566	484.18979
-68.17397	-866.40485	484.18559
-68.27963	-866.3637	484.18113
-68.38515	-866.32235	484.17661
-68.49071	-866.28085	484.17266
-68.59596	-866.23969	484.16832
-68.70185	-866.19905	484.16398
-65.0181	-867.67735	484.18812
-65.12363	-867.63657	484.18384
-65.22921	-867.59507	484.17983
-65.33466	-867.55422	484.17547
-65.44034	-867.51314	484.1714
-65.54565	-867.47142	484.16684
-65.65102	-867.43032	484.16251
-65.75639	-867.38914	484.15814
-65.86188	-867.34699	484.15353
-65.96762	-867.30645	484.14941
-66.07318	-867.26538	484.14518
-66.17845	-867.22427	484.14109
-66.28399	-867.18293	484.13639
-66.38949	-867.14149	484.13212
-66.49507	-867.0998	484.12796
-66.60006	-867.05844	484.1231
-66.70596	-867.01748	484.11925
-66.81141	-866.9762	484.11471
-66.91674	-866.93439	484.11016
-67.02232	-866.8934	484.10597
-67.12769	-866.85215	484.1016
-67.23318	-866.81089	484.0976
-67.33852	-866.76924	484.09264
-67.44399	-866.72773	484.08846
-67.54994	-866.68767	484.08445
-67.65504	-866.64588	484.08007
-67.76097	-866.60497	484.07564
-67.86607	-866.56329	484.0711
-67.97184	-866.5225	484.06701
-68.07732	-866.48137	484.06269
-68.18252	-866.43935	484.05837
-68.28818	-866.39811	484.05416
-68.39364	-866.35726	484.04992
-68.49898	-866.31513	484.04507
-68.60459	-866.27462	484.04091
-68.70978	-866.23348	484.03675
-65.02639	-867.71179	484.06112
-65.13178	-867.67124	484.05672
-65.23735	-867.62927	484.05233
-65.34311	-867.58892	484.0481
-65.44819	-867.54662	484.04373
-65.55425	-867.50638	484.03958
-65.65951	-867.4651	484.03511
-65.76503	-867.42316	484.0306
-65.87024	-867.38178	484.02636
-65.9757	-867.34102	484.02198
-66.08111	-867.2991	484.0177
-66.18713	-867.25867	484.01349
-66.29247	-867.21675	484.00893
-66.39777	-867.17606	484.00499
-66.50323	-867.13471	484.00043
-66.60872	-867.0937	483.99631
-66.71421	-867.05211	483.99145
-66.81993	-867.01079	483.98739
-66.92506	-866.96869	483.98282
-67.03063	-866.92812	483.97866
-67.13625	-866.88732	483.97434
-67.24176	-866.84605	483.9701
-67.34721	-866.80452	483.96567
-67.45276	-866.76302	483.96152
-67.55812	-866.72196	483.95732
-67.66332	-866.6801	483.95237
-67.76882	-866.63885	483.94808
-67.87459	-866.59796	483.94399
-67.97989	-866.55671	483.93956
-68.08492	-866.51465	483.93482
-68.19092	-866.4745	483.93109
-68.29626	-866.43261	483.92646
-68.40177	-866.3912	483.92208
-68.50751	-866.35064	483.91756
-68.61256	-866.30899	483.91332
-68.71825	-866.26731	483.90907
-65.03503	-867.74695	483.93414
-65.1401	-867.70528	483.92956
-65.24595	-867.66463	483.92486
-65.35121	-867.62275	483.92049
-65.45634	-867.58111	483.91615
-65.56251	-867.54078	483.912
-65.66777	-867.49946	483.90778
-65.77303	-867.45775	483.90329
-65.87843	-867.41618	483.89887
-65.98417	-867.37568	483.8949
-66.08944	-867.33387	483.89028
-66.19476	-867.29249	483.88587
-66.30047	-867.25145	483.88151
-66.40575	-867.2095	483.87698
-66.51128	-867.16876	483.8728
-66.61719	-867.12821	483.86889
-66.72274	-867.08621	483.86431
-66.82799	-867.04512	483.85997
-66.93321	-867.00373	483.85576
-67.03873	-866.9622	483.8511
-67.14392	-866.92087	483.84651
-67.24973	-866.88	483.84238
-67.35567	-866.83954	483.83847
-67.46096	-866.79802	483.83369
-67.56616	-866.75587	483.82938
-67.67144	-866.71459	483.82524
-67.77695	-866.67307	483.82068
-67.88241	-866.63228	483.81674
-67.98818	-866.59101	483.8122
-68.09322	-866.54955	483.80778
-68.19939	-866.50895	483.80378
-68.30459	-866.46705	483.79905
-68.41011	-866.42659	483.79495
-68.5157	-866.38485	483.79034
-68.62107	-866.34364	483.78623
-68.72674	-866.30247	483.78206
-65.04289	-867.78124	483.80656
-65.14854	-867.74017	483.80182
-65.25408	-867.69856	483.79791
-65.35955	-867.65787	483.79312
-65.46486	-867.61582	483.78883
-65.57031	-867.57486	483.78469
-65.67625	-867.53394	483.78066
-65.78144	-867.49228	483.77578
-65.88666	-867.45058	483.77148
-65.9922	-867.40947	483.76718
-66.0978	-867.36868	483.76305
-66.20323	-867.32761	483.75882
-66.30866	-867.28604	483.75414
-66.41428	-867.24473	483.74984
-66.51955	-867.20344	483.74559
-66.62554	-867.16259	483.74162
-66.73049	-867.12053	483.73696
-66.8367	-867.08014	483.73261
-66.94169	-867.03836	483.72811
-67.04701	-866.99694	483.72353
-67.15274	-866.95572	483.71924
-67.25803	-866.91438	483.71506
-67.36341	-866.87397	483.71095
-67.46887	-866.83158	483.70633
-67.57451	-866.79157	483.70239
-67.6796	-866.74898	483.6977
-67.78567	-866.70863	483.6936
-67.89105	-866.66718	483.68918
-67.99619	-866.62529	483.68469
-68.10183	-866.58366	483.68057
-68.20758	-866.5433	483.67589
-68.31262	-866.50164	483.67192
-68.41832	-866.46041	483.6675
-68.52355	-866.41926	483.66274
-68.62913	-866.37765	483.65863
-68.73505	-866.33729	483.65453
-65.05131	-867.81539	483.67884
-65.15665	-867.77418	483.67444
-65.26219	-867.73345	483.6704
-65.36761	-867.69178	483.66564
-65.47322	-867.65081	483.66162
-65.57885	-867.60985	483.65738
-65.68429	-867.56873	483.65299
-65.78962	-867.52666	483.64862
-65.89515	-867.48603	483.6443
-66.0009	-867.44506	483.63997
-66.10556	-867.40269	483.63518
-66.21162	-867.36186	483.63119
-66.31682	-867.32046	483.62695
-66.42271	-867.27944	483.62248
-66.52795	-867.23831	483.618
-66.6335	-867.19638	483.6135
-66.73897	-867.15517	483.6093
-66.84471	-867.11435	483.60517
-66.94988	-867.07269	483.60076
-67.0555	-867.03192	483.59654
-67.16113	-866.99093	483.59229
-67.26654	-866.94931	483.58814
-67.37178	-866.90769	483.58339
-67.47728	-866.86648	483.57898
-67.58231	-866.82457	483.57454
-67.68839	-866.78434	483.57055
-67.79366	-866.74237	483.5659
-67.89918	-866.70151	483.56169
-68.00465	-866.66011	483.55749
-68.11002	-866.61851	483.55291
-68.21538	-866.57711	483.54826
-68.32135	-866.53699	483.54433
-68.42637	-866.4944	483.5397
-68.53227	-866.45459	483.5359
-68.63744	-866.41218	483.53123
-68.74309	-866.37136	483.52664
-65.05954	-867.85112	483.5519
-65.16502	-867.80884	483.54711
-65.27051	-867.76784	483.54266
-65.3758	-867.7263	483.53854
-65.48159	-867.6857	483.53438
-65.58689	-867.64432	483.53001
-65.69235	-867.60267	483.52556
-65.79804	-867.56183	483.52124
-65.90296	-867.51946	483.51685
-66.00902	-867.47912	483.51257
-66.11422	-867.43747	483.50814
-66.21984	-867.39584	483.50383
-66.32531	-867.35481	483.49962
-66.43063	-867.31344	483.49468
-66.53645	-867.2732	483.49088
-66.64153	-867.23056	483.48611
-66.74714	-867.19035	483.48199
-66.85297	-867.14965	483.47794
-66.95815	-867.10738	483.47338
-67.06356	-867.06591	483.46891
-67.16913	-867.02485	483.46468
-67.27445	-866.9828	483.46027
-67.37987	-866.94181	483.45596
-67.48584	-866.90133	483.45175
-67.59132	-866.86044	483.44754
-67.69654	-866.81915	483.44323
-67.802	-866.77735	483.4386
-67.90775	-866.73662	483.43452
-68.01319	-866.69512	483.4301
-68.1185	-866.6538	483.42572
-68.22399	-866.61167	483.42128
-68.32918	-866.57089	483.4168
-68.43503	-866.52986	483.41294
-68.54035	-866.48858	483.40844
-68.64614	-866.4478	483.40404
-68.75107	-866.40577	483.39972
-65.06763	-867.88465	483.42413
-65.17326	-867.84361	483.41972
-65.2783	-867.80207	483.41537
-65.38427	-867.76052	483.41097
-65.48964	-867.71981	483.40694
-65.59511	-867.67854	483.40244
-65.70076	-867.6374	483.39811
-65.80615	-867.59631	483.39373
-65.91194	-867.55536	483.38956
-66.01675	-867.51301	483.38502
-66.12234	-867.4724	483.38061
-66.22832	-867.43141	483.37624
-66.33369	-867.38936	483.37188
-66.43892	-867.34839	483.3678
-66.54494	-867.30752	483.36356
-66.65008	-867.26595	483.35911
-66.75563	-867.22472	483.3545
-66.86113	-867.18394	483.35044
-66.96655	-867.14195	483.34637
-67.07223	-867.10089	483.34158
-67.17724	-867.05915	483.33724
-67.28303	-867.01856	483.33316
-67.38828	-866.97642	483.32851
-67.49383	-866.93535	483.32391
-67.59942	-866.89457	483.3202
-67.70503	-866.85319	483.3158
-67.81016	-866.81156	483.31111
-67.91598	-866.77022	483.30682
-68.0211	-866.72919	483.30242
-68.12663	-866.68836	483.29843
-68.23221	-866.64719	483.29431
-68.33746	-866.6049	483.28941
-68.44326	-866.56435	483.2853
-68.54864	-866.5229	483.28095
-68.65433	-866.48222	483.2767
-68.75931	-866.44002	483.27215
-65.07625	-867.92004	483.29697
-65.18151	-867.87812	483.29225
-65.28725	-867.83698	483.28822
-65.39286	-867.79563	483.28389
-65.49796	-867.75428	483.27918
-65.60371	-867.71312	483.27494
-65.70907	-867.67239	483.27089
-65.81433	-867.63057	483.26669
-65.91996	-867.58947	483.26183
-66.02507	-867.54737	483.25757
-66.13085	-867.50659	483.25336
-66.23622	-867.46513	483.24905
-66.34171	-867.42394	483.24462
-66.44723	-867.38243	483.24022
-66.5528	-867.34134	483.23595
-66.65826	-867.30034	483.23174
-66.76408	-867.25991	483.22781
-66.86938	-867.21817	483.22294
-66.97488	-867.17676	483.21885
-67.0802	-867.13525	483.21431
-67.18529	-867.09376	483.20995
-67.29122	-867.05257	483.20556
-67.39651	-867.01088	483.20138
-67.50194	-866.96974	483.19681
-67.60775	-866.9287	483.1926
-67.71292	-866.88755	483.18824
-67.81834	-866.84594	483.1838
-67.92395	-866.80569	483.17975
-68.02972	-866.76354	483.17536
-68.13528	-866.72316	483.1711
-68.24048	-866.68105	483.16659
-68.34567	-866.6391	483.16208
-68.45167	-866.59842	483.15758
-68.55704	-866.55782	483.15361
-68.6622	-866.51573	483.14905
-68.76774	-866.47452	483.14485
-65.08448	-867.95412	483.1694
-65.1897	-867.91264	483.16528
-65.29517	-867.8714	483.1607
-65.4006	-867.82965	483.15625
-65.50624	-867.78879	483.15204
-65.61184	-867.74737	483.14758
-65.71717	-867.7067	483.1434
-65.8228	-867.66507	483.13892
-65.92803	-867.62351	483.13477
-66.03393	-867.58324	483.1304
-66.13936	-867.54185	483.12593
-66.24483	-867.49992	483.12144
-66.35007	-867.45856	483.11712
-66.45614	-867.4179	483.11309
-66.56117	-867.37673	483.10873
-66.66661	-867.3351	483.10417
-66.77195	-867.29389	483.09995
-66.8775	-867.25263	483.0959
-66.98272	-867.21054	483.09101
-67.08825	-867.16935	483.08679
-67.19381	-867.12831	483.08245
-67.29953	-867.08689	483.07818
-67.40513	-867.04649	483.07404
-67.51047	-867.00418	483.06948
-67.61566	-866.96308	483.06516
-67.72175	-866.92278	483.06088
-67.8269	-866.88168	483.05676
-67.93216	-866.8393	483.05209
-68.03774	-866.79832	483.04775
-68.14319	-866.7572	483.04323
-68.24876	-866.71607	483.03939
-68.35438	-866.67468	483.03482
-68.45966	-866.6332	483.03047
-68.56552	-866.59234	483.02616
-68.6706	-866.55035	483.0216
-68.77635	-866.51	483.0177
