196
55.39956	-33.09714	186.54705
55.48681	-21.24755	177.42155
55.56927	-6.62892	174.37413
55.44622	8.2031	178.10829
55.52638	19.62622	187.7594
55.52467	25.87183	201.25402
55.33686	25.48813	216.58616
55.50721	18.64207	229.97748
55.43668	6.54905	239.2156
55.56184	-8.08444	242.03867
55.53805	-22.67858	238.30046
55.48966	-34.21471	228.68189
55.51583	-40.45483	215.00387
55.49913	-40.09305	199.92427
72.61393	-33.829	186.24688
72.6047	-21.63859	176.89671
72.63171	-6.7995	173.86898
72.68078	7.94994	177.66425
72.542	19.55448	187.32197
72.5626	25.78806	201.14296
72.61344	25.44168	216.39509
72.63049	18.54772	229.86491
72.43449	6.43106	238.92568
72.58752	-8.40197	242.0518
72.64977	-23.05803	238.34047
72.685	-34.56107	228.65525
72.72793	-41.10538	214.6632
72.54773	-40.70045	199.719
89.792	-34.01858	185.68271
89.6506	-21.92976	176.44976
89.79922	-7.10523	173.53339
89.68497	7.84848	177.13972
89.6742	19.53038	187.02732
89.72705	25.80539	200.92169
89.65465	25.29641	216.32686
89.78801	18.47396	229.76441
89.65287	6.27549	239.00572
89.63262	-8.81467	242.01676
89.67586	-23.51193	238.25877
89.86133	-35.31962	228.46241
89.77645	-41.59806	214.68757
89.57511	-41.15063	199.3834
106.87085	-34.50049	185.34327
106.68108	-22.25337	176.0604
106.83433	-7.21809	173.08222
106.8433	7.71743	176.78153
106.80603	19.48055	186.66416
106.88687	25.92529	200.63586
106.73336	25.64689	216.07032
106.85983	18.44105	229.78778
106.89033	6.12947	239.23332
106.67945	-8.87649	242.12168
106.83493	-23.87778	238.50523
106.79936	-35.64924	228.4209
106.78048	-41.93877	214.48305
106.80638	-41.57216	199.07469
123.92986	-34.9537	185.12336
123.89779	-22.49452	175.71779
123.90807	-7.41026	172.63231
123.84582	7.65973	176.52374
123.96684	19.51186	186.40187
123.90465	25.86047	200.6568
123.96516	25.73079	215.98439
123.99699	18.5105	229.74163
123.88849	6.20863	239.16027
123.98215	-9.09296	242.34042
123.92776	-23.99553	238.26884
123.87209	-35.94919	228.51549
123.88867	-42.26122	214.35195
123.9488	-42.03232	198.91818
141.09148	-35.31536	185.0176
140.99153	-22.93668	175.1831
140.91001	-7.46884	172.36898
141.11594	7.56584	176.04288
140.98754	19.51052	186.05118
141.0849	25.8616	200.2716
141.17879	25.64327	215.78659
141.04284	18.50754	229.87487
141.01473	6.05981	239.22343
141.00982	-9.16193	242.41173
140.9851	-24.40202	238.51887
140.93041	-36.33005	228.46238
140.95678	-42.73387	214.34641
140.89357	-42.45363	198.58505
158.1646	-35.42884	184.65166
158.14204	-23.02284	175.103
158.1849	-7.57198	171.94078
158.18498	7.62865	175.83918
158.20828	19.60999	185.87625
158.19856	26.21391	200.32883
158.0944	25.95932	215.96051
158.05633	18.72877	229.81153
158.14585	6.12958	239.45605
158.12778	-9.21586	242.58771
158.13944	-24.56664	238.63052
158.1614	-36.60301	228.54738
158.15751	-42.93681	214.18361
158.1348	-42.67148	198.61692
175.36615	-35.76172	184.35624
175.23833	-23.00466	174.9009
175.29539	-7.69386	171.75104
175.28016	7.93019	175.71403
175.19556	19.87681	185.8491
175.22435	26.38548	200.13166
175.1752	26.0541	216.06018
175.29178	18.83488	230.06515
175.35381	6.08192	239.66081
175.21675	-9.13682	242.9816
175.42347	-24.55157	238.85319
175.20095	-36.76069	228.76575
175.21572	-43.27032	214.38827
175.29715	-42.86666	198.70857
192.42044	-35.8525	184.43577
192.21041	-23.10563	174.85179
192.37721	-7.44387	171.59435
192.23935	8.00325	175.27944
192.31767	19.94493	185.65314
192.36452	26.72523	200.18197
192.42358	26.2496	216.02554
192.32693	19.06617	230.36782
192.36223	6.40286	239.97947
192.20775	-9.27818	243.11977
192.3498	-24.64527	239.21702
192.30493	-36.94448	229.06833
192.28376	-43.60063	214.3936
192.20079	-42.96599	198.53946
209.49435	-35.75084	184.40636
209.34861	-23.0603	174.63289
209.46796	-7.38339	171.39422
209.44323	8.19779	175.2356
209.45691	20.50982	185.61188
209.36575	27.16751	200.25725
209.4697	26.75849	216.23368
209.48196	19.42368	230.57528
209.57577	6.54504	240.22643
209.44922	-9.02462	243.48464
209.45926	-24.77935	239.59389
209.50962	-36.96424	229.24596
209.38119	-43.55704	214.67602
209.44872	-43.21112	198.61027
226.59344	-35.94946	184.24276
226.48021	-22.95942	174.51827
226.56241	-7.19696	171.28967
226.73013	8.40462	175.26908
226.60576	20.97348	185.57564
226.65059	27.63322	200.17584
226.49597	27.10495	216.52341
226.72473	19.68605	230.9751
226.53946	6.97564	240.72733
226.53073	-8.89099	243.8853
226.63041	-24.50937	239.90164
226.58557	-37.15832	229.43112
226.48906	-43.72407	214.70371
226.53861	-43.29938	198.69517
243.71276	-35.78957	184.30433
243.79675	-23.03577	174.5033
243.71404	-6.86316	171.28925
243.67076	8.80125	175.21282
243.67156	21.27811	185.66136
243.64988	28.06018	200.49438
243.67827	27.68978	216.74031
243.56534	20.30725	231.3168
243.64269	7.2204	240.86782
243.62334	-8.67613	244.38757
243.57731	-24.51148	240.31927
243.59165	-36.95171	229.90667
243.67059	-43.75224	215.17604
243.72299	-43.19224	198.75022
260.71609	-36.02329	184.38027
260.77717	-22.71531	174.40573
260.73036	-6.7351	171.17798
260.79291	9.24325	175.19804
260.77101	21.73013	185.72407
260.83244	28.4116	200.59391
260.92441	28.23927	216.99156
260.81272	20.65893	231.63408
260.7541	7.52221	241.38419
260.86586	-8.5769	244.75053
260.88342	-24.20317	240.74891
260.75616	-36.92365	230.2287
260.75461	-43.81878	215.27383
260.74659	-43.19579	199.00397
277.78937	-35.71553	184.39796
277.91267	-22.63858	174.47965
277.88467	-6.53152	170.9756
277.86104	9.7311	175.1059
277.81812	22.31423	185.80615
277.83468	29.01501	200.81578
277.84254	28.61111	217.28508
277.88965	21.2071	232.02368
277.95584	7.88938	241.82211
277.87786	-8.11606	245.14126
277.89846	-24.33568	241.2726
277.88949	-36.84582	230.66232
277.84989	-43.60125	215.62952
277.89842	-43.26095	199.028
