182
-744.83058	-604.26099	-216.12311
-744.67079	-603.65518	-216.11185
-744.68617	-602.9755	-216.12014
-744.83623	-602.37678	-216.10977
-745.152	-601.80328	-216.103
-745.56462	-601.32429	-216.10984
-746.09384	-600.95918	-216.10896
-746.6954	-600.73337	-216.10911
-747.33451	-600.66197	-216.09871
-747.98275	-600.7411	-216.12148
-748.57055	-600.96902	-216.10472
-749.0984	-601.33846	-216.10838
-749.5271	-601.80746	-216.12127
-749.8399	-602.39662	-216.10864
-749.98743	-603.02702	-216.10993
-749.95887	-603.65836	-216.11394
-749.80593	-604.26655	-216.11603
-749.5114	-604.85555	-216.10682
-749.08693	-605.32834	-216.11236
-748.56337	-605.67087	-216.10458
-747.94663	-605.91702	-216.1185
-747.32964	-605.99078	-216.12654
-746.69268	-605.9064	-216.10025
-746.06671	-605.66546	-216.10682
-745.54966	-605.32088	-216.10257
-745.11828	-604.83287	-216.12974
-743.24557	-604.85628	-214.77652
-743.00537	-603.83775	-214.76343
-743.00297	-602.79975	-214.76996
-743.23603	-601.76743	-214.79026
-743.75181	-600.82798	-214.79739
-744.45387	-600.05677	-214.77012
-745.30814	-599.47118	-214.7832
-746.30422	-599.06684	-214.77736
-747.3397	-598.96714	-214.77915
-748.39531	-599.10303	-214.7778
-749.36629	-599.47842	-214.7542
-750.22338	-600.07174	-214.77931
-750.91588	-600.87892	-214.7949
-751.40617	-601.79509	-214.78021
-751.65281	-602.81355	-214.78242
-751.6487	-603.86783	-214.77949
-751.39768	-604.88784	-214.77574
-750.91799	-605.80203	-214.78232
-750.19549	-606.5781	-214.77642
-749.34308	-607.17306	-214.77891
-748.34678	-607.54358	-214.78076
-747.3074	-607.68609	-214.77972
-746.27107	-607.56011	-214.78546
-745.28471	-607.18177	-214.78229
-744.42488	-606.55756	-214.78768
-743.72687	-605.78508	-214.7811
-741.637	-605.45938	-213.44938
-741.29709	-604.02974	-213.44614
-741.31735	-602.59014	-213.44868
-741.65577	-601.13806	-213.44752
-742.3362	-599.86095	-213.44597
-743.31628	-598.75225	-213.43397
-744.5283	-597.94377	-213.43257
-745.89499	-597.43074	-213.44723
-747.34747	-597.2488	-213.4678
-748.7753	-597.44615	-213.44876
-750.16644	-597.95305	-213.45167
-751.37925	-598.79376	-213.46648
-752.33904	-599.89481	-213.45382
-753.0246	-601.19746	-213.43615
-753.35057	-602.61211	-213.44795
-753.34841	-604.08126	-213.44758
-752.99165	-605.48	-213.46544
-752.29321	-606.78916	-213.44576
-751.32433	-607.88192	-213.45174
-750.12494	-608.71355	-213.44998
-748.74569	-609.2361	-213.44469
-747.29585	-609.41798	-213.44299
-745.84037	-609.21864	-213.44992
-744.47206	-608.70346	-213.43788
-743.27677	-607.86106	-213.4427
-742.32024	-606.75015	-213.4369
-739.99559	-606.07178	-212.12306
-739.54811	-604.23778	-212.1239
-739.56243	-602.35153	-212.12202
-740.03029	-600.53314	-212.12106
-740.89781	-598.86419	-212.12708
-742.1604	-597.45842	-212.10958
-743.72127	-596.36646	-212.10596
-745.47917	-595.73038	-212.11141
-747.35469	-595.49515	-212.11733
-749.24163	-595.74377	-212.12019
-750.99476	-596.42845	-212.13133
-752.53013	-597.4889	-212.12396
-753.77607	-598.92696	-212.10546
-754.64642	-600.5823	-212.12256
-755.07201	-602.41996	-212.12752
-755.10787	-604.30233	-212.12564
-754.60292	-606.11912	-212.12491
-753.73753	-607.78189	-212.1251
-752.49404	-609.19893	-212.12261
-750.93371	-610.26141	-212.12775
-749.17438	-610.9394	-212.12016
-747.28798	-611.14678	-212.11454
-745.44067	-610.89602	-212.11848
-743.67772	-610.22134	-212.11894
-742.12121	-609.17408	-212.13222
-740.86432	-607.7372	-212.11816
-738.33587	-606.70409	-210.78471
-737.77856	-604.45591	-210.79741
-737.7815	-602.12158	-210.81513
-738.34718	-599.88236	-210.7915
-739.42229	-597.83979	-210.79623
-740.97576	-596.11538	-210.80417
-742.89422	-594.79439	-210.79805
-745.0556	-593.9817	-210.79584
-747.3656	-593.70741	-210.785
-749.66441	-594.00231	-210.77593
-751.81797	-594.83428	-210.77675
-753.71933	-596.15908	-210.78904
-755.24637	-597.87846	-210.79929
-756.32309	-599.95688	-210.79543
-756.87784	-602.18652	-210.8012
-756.86511	-604.53245	-210.77975
-756.31015	-606.77477	-210.80744
-755.19697	-608.81749	-210.79557
-753.67479	-610.5459	-210.79312
-751.75085	-611.8508	-210.79874
-749.58328	-612.66676	-210.78716
-747.29277	-612.92986	-210.78481
-744.98888	-612.6506	-210.79491
-742.81658	-611.83265	-210.7802
-740.92075	-610.49743	-210.7922
-739.38974	-608.75055	-210.78806
-736.60921	-607.34201	-209.47964
-735.96029	-604.66127	-209.465
-735.9864	-601.92366	-209.46242
-736.66176	-599.22891	-209.46923
-737.9231	-596.77494	-209.46762
-739.75562	-594.73722	-209.46736
-742.03956	-593.17125	-209.45301
-744.6232	-592.20389	-209.4465
-747.36793	-591.88635	-209.46605
-750.10521	-592.22773	-209.45956
-752.67975	-593.20922	-209.48077
-754.92534	-594.78486	-209.44798
-756.76484	-596.86066	-209.4574
-758.03013	-599.30086	-209.46513
-758.68752	-601.99608	-209.48416
-758.67811	-604.74854	-209.46188
-758.00387	-607.42585	-209.46207
-756.72446	-609.8524	-209.48127
-754.87502	-611.92207	-209.46351
-752.59916	-613.49506	-209.46671
-750.02601	-614.43766	-209.47654
-747.27103	-614.76221	-209.45655
-744.53139	-614.40693	-209.46868
-741.96624	-613.43562	-209.46655
-739.70006	-611.86563	-209.45702
-737.88166	-609.79044	-209.46207
-734.88429	-607.98737	-208.13411
-734.09978	-604.88372	-208.13322
-734.14225	-601.6767	-208.13621
-734.91118	-598.56471	-208.13073
-736.41955	-595.72853	-208.13762
-738.53345	-593.34349	-208.11775
-741.19252	-591.5277	-208.1451
-744.18662	-590.39994	-208.13736
-747.36334	-590.0291	-208.14096
-750.54087	-590.43807	-208.14513
-753.54464	-591.56616	-208.15239
-756.17891	-593.39534	-208.12697
-758.29363	-595.81676	-208.13165
-759.76115	-598.63764	-208.12639
-760.5126	-601.77716	-208.11331
-760.51025	-604.98562	-208.12555
-759.73698	-608.06929	-208.13798
-758.2358	-610.91506	-208.1472
-756.10388	-613.31729	-208.14236
-753.4539	-615.12003	-208.13093
-750.44835	-616.24496	-208.14209
-747.28126	-616.62497	-208.13372
-744.10097	-616.21893	-208.13578
-741.09701	-615.07082	-208.12409
-738.4771	-613.24307	-208.12764
-736.35995	-610.82285	-208.13584
