21
-99.70439	405.8425	638.2764
-100.82556	405.83999	639.06112
-100.90831	405.84277	640.42958
-99.89453	405.84291	641.34744
-98.54103	405.84451	641.12704
-97.87057	405.84343	639.92966
-98.39028	405.84345	638.66512
-99.78246	406.59214	637.79336
-101.25234	406.59144	638.82499
-101.3632	406.59198	640.61263
-100.03192	406.59005	641.81656
-98.2621	406.59209	641.52671
-97.38519	406.5903	639.96312
-98.05924	406.59526	638.30087
-99.85209	407.34096	637.36791
-101.6268	407.33978	638.61216
-101.75743	407.34095	640.77223
-100.15497	407.34052	642.22917
-98.01651	407.33956	641.87443
-96.95612	407.33971	639.98815
-97.77378	407.3409	637.98397
