156
373.39801	-131.54102	-722.94461
383.92114	-126.84333	-722.55084
391.82722	-119.76959	-727.04336
395.07262	-112.24829	-735.11978
392.73391	-106.28882	-744.69187
385.4611	-103.43641	-753.16723
375.19307	-104.53618	-758.26927
364.69162	-109.25564	-758.64196
356.7386	-116.30637	-754.18738
353.5176	-123.84399	-746.09447
355.85022	-129.80062	-736.50365
363.12585	-132.63044	-728.05254
368.65861	-121.79169	-715.23848
379.33948	-117.00055	-714.86005
387.38013	-109.81546	-719.41338
390.68006	-102.15924	-727.63771
388.31118	-96.08565	-737.36747
380.90121	-93.22146	-745.97185
370.47211	-94.30738	-751.17848
359.79955	-99.11105	-751.53574
351.71343	-106.2753	-747.03205
348.42044	-113.93397	-738.77898
350.8057	-120.0194	-729.04994
358.20311	-122.88261	-720.45081
363.89346	-111.99431	-707.57548
374.75122	-107.14209	-707.1903
382.94523	-99.85137	-711.78619
386.29597	-92.06953	-720.143
383.83804	-85.92241	-730.03406
376.34615	-82.98785	-738.78604
365.75462	-84.11903	-744.05273
354.89095	-88.96288	-744.44548
346.69693	-96.25915	-739.83104
343.39222	-104.02396	-731.45666
345.76261	-110.22583	-721.58672
353.28385	-113.14006	-712.82328
359.15359	-102.24864	-699.86924
370.17899	-97.29687	-699.47405
378.48995	-89.89045	-704.17311
381.88008	-81.98051	-712.66059
379.42209	-75.73091	-722.70107
371.81943	-72.74602	-731.59765
361.02325	-73.9137	-736.93446
349.99185	-78.83511	-737.34137
341.68084	-86.24718	-732.65972
338.27778	-94.13792	-724.16878
340.7497	-100.41813	-714.12096
348.37519	-103.37769	-705.23743
354.40407	-92.46946	-692.18808
365.59737	-87.44852	-691.79718
374.05209	-79.9287	-696.54663
377.51448	-71.90174	-705.17491
374.98874	-65.55154	-715.37011
367.25044	-62.54667	-724.39307
356.30654	-63.69153	-729.86493
345.1143	-68.69585	-730.25871
336.63783	-76.23383	-725.50031
333.22448	-84.25119	-716.86253
335.71923	-90.60372	-706.67727
343.47015	-93.60992	-697.65031
349.64907	-82.68487	-684.52854
361.01031	-77.60226	-684.11364
369.60562	-69.97039	-688.93514
373.11602	-61.81838	-697.68734
370.57256	-55.35876	-708.04791
362.69514	-52.30339	-717.21591
351.58568	-53.47027	-722.76193
340.20954	-58.5635	-723.16163
331.63998	-66.21685	-718.30149
328.14653	-74.3511	-709.55344
330.64673	-80.8396	-699.1995
338.52897	-83.88854	-690.01752
344.89713	-72.92996	-676.82215
356.4261	-67.75408	-676.42074
365.14619	-60.0081	-681.31544
368.73283	-51.74454	-690.19954
366.12355	-45.17301	-700.71786
358.16072	-42.0584	-710.02462
346.87267	-43.27158	-715.62793
335.31782	-48.43673	-716.03319
326.60624	-56.19797	-711.15496
323.0619	-64.45877	-702.23943
325.64987	-71.00976	-691.74589
333.62693	-74.11527	-682.44047
340.14851	-63.158	-669.15801
351.87093	-57.91193	-668.73806
360.69388	-50.04349	-673.7052
364.2982	-41.65171	-682.72932
361.72341	-34.98969	-693.38993
353.58328	-31.85539	-702.82424
342.14188	-33.05782	-708.52464
330.43309	-38.3017	-708.94097
321.57743	-46.17244	-703.97804
317.99467	-54.55828	-694.93589
320.57247	-61.24011	-684.27291
328.69409	-64.38686	-674.8249
335.40218	-53.38705	-661.46834
347.28461	-48.06826	-661.02443
356.2588	-40.08082	-666.07502
359.90339	-31.57606	-675.24949
357.28249	-24.80222	-686.05696
349.02943	-21.63535	-695.62873
337.43129	-22.8626	-701.40958
325.52583	-28.15578	-701.85427
316.56716	-36.16173	-696.78853
312.89738	-44.67294	-687.62961
315.54217	-51.43791	-676.81609
323.7691	-54.63814	-667.21798
330.64183	-43.64146	-653.75015
342.70506	-38.22448	-653.33196
351.80445	-30.11787	-658.46589
355.52188	-21.48285	-667.75635
352.85359	-14.61727	-678.729
344.49284	-11.37351	-688.47064
332.70746	-12.64295	-694.31562
320.66516	-18.05135	-694.72602
311.52868	-26.14691	-689.62746
307.83043	-34.77612	-680.33786
310.53023	-41.6164	-669.36578
318.88231	-44.8703	-659.63683
325.88917	-33.84748	-646.09229
338.13682	-28.38774	-645.63579
347.37594	-20.15461	-650.83826
351.1229	-11.39681	-660.27103
348.42239	-4.4331	-671.40567
339.93881	-1.15773	-681.26676
327.98538	-2.42305	-687.19803
315.7462	-7.88123	-687.65713
306.52753	-16.12315	-682.43343
302.74822	-24.88286	-673.02817
305.47416	-31.83946	-661.89214
313.93574	-35.13845	-652.01629
321.15032	-24.09195	-638.39954
333.54955	-18.55222	-637.94698
342.90575	-10.20069	-643.21756
346.73069	-1.31279	-652.78045
343.97779	5.7506	-664.08209
335.38065	9.07297	-674.06688
323.26005	7.77663	-680.09075
310.84855	2.2397	-680.55881
301.4889	-6.09962	-675.27684
297.70484	-14.97676	-665.71536
300.44073	-22.0403	-654.43288
309.02031	-25.37058	-644.41129
316.39754	-14.33184	-630.70067
328.95931	-8.68469	-630.28259
338.45438	-0.2339	-635.61164
342.34458	8.76888	-645.29
339.54955	15.9323	-656.75403
330.83653	19.29972	-666.8942
318.54455	18.01143	-673.00984
305.968	12.36386	-673.4342
296.46477	3.91363	-668.12049
292.59633	-5.08978	-658.42654
295.39107	-12.23736	-646.95378
304.09609	-15.6343	-636.8298
