108
-321.3951	-524.04974	-542.1152
-321.97931	-524.29271	-542.17284
-322.26684	-524.8394	-542.31874
-322.12314	-525.43715	-542.48236
-321.61576	-525.80357	-542.5876
-320.98171	-525.76802	-542.5858
-320.51686	-525.34816	-542.47773
-320.44022	-524.73871	-542.31385
-320.78669	-524.22659	-542.17029
-321.38708	-524.24899	-540.95637
-322.04123	-524.5203	-541.02152
-322.36267	-525.13257	-541.18445
-322.20318	-525.80181	-541.36685
-321.63395	-526.21122	-541.485
-320.92384	-526.17269	-541.48313
-320.40485	-525.70186	-541.36277
-320.31874	-525.01983	-541.17859
-320.70685	-524.44706	-541.01818
-321.37927	-524.44768	-539.79683
-322.10301	-524.74821	-539.87078
-322.45858	-525.4267	-540.04891
-322.28097	-526.1665	-540.25218
-321.65202	-526.61992	-540.38198
-320.8663	-526.57715	-540.38084
-320.29182	-526.05641	-540.24648
-320.19697	-525.30276	-540.0442
-320.62623	-524.66704	-539.86602
-321.37004	-524.64752	-538.63797
-322.1643	-524.97682	-538.71778
-322.55476	-525.72034	-538.9149
-322.35972	-526.53034	-539.13631
-321.6706	-527.02776	-539.27952
-320.80834	-526.98118	-539.27753
-320.17866	-526.41057	-539.13052
-320.07448	-525.58348	-538.90776
-320.54585	-524.88702	-538.7139
-321.36251	-524.84706	-537.47964
-322.22583	-525.20471	-537.56596
-322.65028	-526.0134	-537.78011
-322.43803	-526.8956	-538.02121
-321.68883	-527.43662	-538.17728
-320.7513	-527.38526	-538.17488
-320.0669	-526.76455	-538.01567
-319.95213	-525.86528	-537.7734
-320.46462	-525.10766	-537.56111
-321.35419	-525.0455	-536.32093
-322.28851	-525.43161	-536.4138
-322.74693	-526.30708	-536.64511
-322.51792	-527.26036	-536.90645
-321.70666	-527.84549	-537.0746
-320.69361	-527.79007	-537.07105
-319.95207	-527.11975	-536.89956
-319.83079	-526.14647	-536.63803
-320.38392	-525.32793	-536.4093
-321.34587	-525.24421	-535.16118
-322.35031	-525.66049	-535.26147
-322.84314	-526.60016	-535.51124
-322.596	-527.62592	-535.79082
-321.72525	-528.25456	-535.97252
-320.63688	-528.19392	-535.96985
-319.83965	-527.47329	-535.78438
-319.7077	-526.42799	-535.50232
-320.30296	-525.54758	-535.2575
-321.33878	-525.44332	-534.00271
-322.41061	-525.88886	-534.10954
-322.94012	-526.89377	-534.37594
-322.67596	-527.99007	-534.67586
-321.74294	-528.66392	-534.87009
-320.57848	-528.5994	-534.86693
-319.72615	-527.82861	-534.66885
-319.58484	-526.70948	-534.36734
-320.22267	-525.76779	-534.10466
-321.32934	-525.64163	-532.84415
-322.47271	-526.1165	-532.95749
-323.03604	-527.18732	-533.23985
-322.755	-528.35489	-533.56085
-321.76187	-529.07229	-533.7676
-320.52115	-529.00407	-533.76348
-319.61309	-528.18157	-533.55401
-319.46334	-526.99095	-533.23215
-320.14112	-525.98834	-532.95202
-321.32224	-525.84013	-531.68523
-322.53574	-526.34321	-531.80521
-323.13171	-527.48069	-532.10685
-322.83446	-528.71951	-532.44522
-321.77986	-529.48094	-532.66487
-320.4627	-529.40886	-532.66207
-319.50018	-528.53645	-532.4382
-319.3408	-527.27297	-532.09673
-320.06054	-526.20766	-531.79982
-321.31416	-526.04014	-530.52581
-322.59732	-526.5716	-530.65375
-323.229	-527.77484	-530.97162
-322.91331	-529.08472	-531.33056
-321.79848	-529.8899	-531.56246
-320.40451	-529.81301	-531.55953
-319.38635	-528.89035	-531.32161
-319.21842	-527.55338	-530.96199
-319.97985	-526.42813	-530.64732
-321.30605	-526.23876	-529.36596
-322.6595	-526.79889	-529.50206
-323.3247	-528.0675	-529.83763
-322.99272	-529.44921	-530.21545
-321.81604	-530.29962	-530.46036
-320.34827	-530.21864	-530.45634
-319.27308	-529.2455	-530.20633
-319.09657	-527.83555	-529.82647
-319.8988	-526.64765	-529.49506
