405
578.5829	171.15724	-134.44159
581.69666	166.17978	-134.72531
585.07769	161.48202	-133.70021
588.5437	157.31722	-131.42156
591.90784	153.90989	-128.0122
594.98875	151.44373	-123.65593
597.62035	150.05169	-118.5876
599.66075	149.80882	-113.08044
600.99996	150.7282	-107.43134
601.56579	152.76028	-101.94485
601.32772	155.7955	-96.91675
600.2986	159.67024	-92.6181
598.5339	164.1756	-89.28064
596.12876	169.06871	-87.0843
593.21284	174.08576	-86.14749
589.94334	178.9563	-86.5207
586.49652	183.41775	-88.18382
583.05819	187.22959	-91.04718
579.81372	190.18633	-94.95643
576.93803	192.12856	-99.70081
574.58613	192.95158	-105.02456
572.88482	192.61102	-110.64066
571.92581	191.12524	-116.24636
571.76082	188.57435	-121.53945
572.39873	185.09585	-126.23457
573.80515	180.87727	-130.07861
575.90426	176.14605	-132.86435
555.74843	158.45921	-137.51235
560.12858	151.45739	-137.91146
564.88469	144.84903	-136.46945
569.76035	138.99037	-133.26406
574.49271	134.19726	-128.4681
578.82665	130.7281	-122.3401
582.52852	128.76991	-115.21045
585.39877	128.42826	-107.46349
587.28265	129.72157	-99.51687
588.0786	132.5801	-91.79899
587.74371	136.84977	-84.72593
586.29603	142.30038	-78.67899
583.81362	148.6381	-73.98417
580.4303	155.52126	-70.89457
576.32846	162.57879	-69.57674
571.72923	169.4302	-70.10174
566.88056	175.70615	-72.44126
562.04385	181.06829	-76.46918
557.47984	185.22755	-81.96834
553.43458	187.95969	-88.64229
550.12615	189.11744	-96.13124
547.7329	188.63838	-104.03144
546.38387	186.54833	-111.91701
546.15177	182.95996	-119.36283
547.04912	178.06674	-125.96749
549.02754	172.13244	-131.37493
551.98037	165.477	-135.29364
532.91397	145.76118	-140.58311
538.5605	136.735	-141.09761
544.69169	128.21603	-139.23869
550.97699	120.66352	-135.10656
557.07757	114.48464	-128.92399
562.66454	110.01248	-121.02427
567.4367	107.48814	-111.8333
571.13679	107.0477	-101.84654
573.56533	108.71493	-91.6024
574.59141	112.39992	-81.65313
574.1597	117.90403	-72.53511
572.29347	124.93052	-64.73988
569.09335	133.1006	-58.6877
564.73184	141.97382	-54.70484
559.44407	151.07181	-53.006
553.51512	159.9041	-53.68279
547.26461	167.99455	-56.69871
541.02951	174.90699	-61.89117
535.14596	180.26876	-68.98025
529.93113	183.79083	-77.58377
525.66617	185.28331	-87.23791
522.58099	184.66574	-97.42222
520.84192	181.97141	-107.58767
520.54272	177.34558	-117.18621
521.69951	171.03763	-125.70041
524.24993	163.38761	-132.67124
528.05648	154.80795	-137.72292
510.0795	133.06315	-143.65387
516.99242	122.01262	-144.28377
524.49869	111.58304	-142.00793
532.19364	102.33668	-136.94906
539.66244	94.77201	-129.37988
546.50243	89.29685	-119.70845
552.34488	86.20636	-108.45614
556.87481	85.66715	-96.22959
559.84802	87.70829	-83.68793
561.10422	92.21974	-71.50727
560.57568	98.95829	-60.34429
558.29091	107.56067	-50.80078
554.37307	117.5631	-43.39123
549.03338	128.42637	-38.5151
542.55969	139.56483	-36.43526
535.30101	150.378	-37.26383
527.64866	160.28295	-40.95615
520.01517	168.74568	-47.31316
512.81207	175.30998	-55.99216
506.42768	179.62197	-66.52525
501.20619	181.44917	-78.34459
497.42908	180.69309	-90.81301
495.29998	177.39449	-103.25832
494.93367	171.7312	-115.00959
496.3499	164.00852	-125.43332
499.47232	154.64278	-133.96756
504.1326	144.13891	-140.15221
487.24503	120.36512	-146.72464
495.42434	107.29023	-147.46992
504.30569	94.95004	-144.77717
513.41029	84.00983	-138.79156
522.2473	75.05938	-129.83577
530.34033	68.58122	-118.39262
537.25306	64.92458	-105.07899
542.61283	64.28659	-90.61264
546.13071	66.70165	-75.77346
547.61703	72.03956	-61.36141
546.99167	80.01256	-48.15347
544.28835	90.19081	-36.86167
539.65279	102.0256	-28.09476
533.33491	114.87893	-22.32537
525.67531	128.05786	-19.86452
517.0869	140.8519	-20.84488
508.03271	152.57134	-25.2136
499.00083	162.58438	-32.73516
490.47819	170.3512	-43.00406
482.92423	175.4531	-55.46672
476.74621	177.61504	-69.45127
472.27716	176.72045	-84.20379
469.75803	172.81757	-98.92897
469.32462	166.11681	-112.83298
471.00029	156.97941	-125.16624
474.69471	145.89795	-135.26387
480.20871	133.46986	-142.5815
464.41056	107.66709	-149.7954
473.85626	92.56784	-150.65607
484.1127	78.31705	-147.54641
494.62694	65.68298	-140.63406
504.83217	55.34675	-130.29167
514.17822	47.86559	-117.07679
522.16124	43.6428	-101.70184
528.35086	42.90603	-84.9957
532.4134	45.69501	-67.85898
534.12984	51.85938	-51.21555
533.40766	61.06682	-35.96265
530.28579	72.82095	-22.92257
524.93252	86.4881	-12.79829
517.63645	101.33148	-6.13564
508.79092	116.55088	-3.29378
498.87279	131.3258	-4.42593
488.41675	144.85974	-9.47104
477.98649	156.42308	-18.15715
468.1443	165.39242	-30.01597
459.42079	171.28424	-44.4082
452.28623	173.7809	-60.55795
447.12525	172.74781	-77.59457
444.21609	168.24066	-94.59962
443.71557	160.50243	-110.65636
445.65068	149.9503	-124.89916
449.9171	137.15312	-136.56018
456.28482	122.80081	-145.01079
441.5761	94.96907	-152.86616
452.28818	77.84545	-153.84223
463.9197	61.68405	-150.31565
475.84359	47.35614	-142.47656
487.41704	35.63413	-130.74756
498.01611	27.14996	-115.76096
507.06941	22.36102	-98.32469
514.08888	21.52547	-79.37875
518.69608	24.68837	-59.94451
520.64265	31.6792	-41.06969
519.82365	42.12108	-23.77183
516.28323	55.45109	-8.98346
510.21224	70.9506	2.49818
501.93799	87.78404	10.0541
491.90654	105.0439	13.27696
480.65869	121.7997	11.99303
468.8008	137.14814	6.27151
456.97215	150.26177	-3.57914
445.81042	160.43364	-17.02788
435.91734	167.11538	-33.34968
427.82625	169.94676	-51.66462
421.97334	168.77517	-70.98535
418.67414	163.66374	-90.27028
418.10652	154.88805	-108.47974
420.30107	142.92119	-124.63208
425.13949	128.40829	-137.8565
432.36094	112.13176	-147.44008
418.74163	82.27104	-155.93692
430.7201	63.12306	-157.02838
443.7267	45.05106	-153.08489
457.06024	29.02929	-144.31906
470.0019	15.9215	-131.20345
481.854	6.43433	-114.44513
491.97759	1.07924	-94.94754
499.8269	0.14491	-73.7618
504.97877	3.68173	-52.03004
507.15547	11.49902	-30.92383
506.23964	23.17534	-11.58101
502.28066	38.08123	4.95565
495.49197	55.4131	17.79465
486.23953	74.23659	26.24383
475.02216	93.53692	29.84771
462.44458	112.2736	28.41198
449.18485	129.43654	22.01406
435.95781	144.10047	10.99886
423.47654	155.47486	-4.03979
412.41389	162.94651	-22.29116
403.36627	166.11263	-42.7713
396.82142	164.80252	-64.37613
393.13219	159.08682	-85.94093
392.49747	149.27366	-106.30313
394.95146	135.89208	-124.36499
400.36188	119.66346	-139.15281
408.43705	101.46271	-149.86937
395.90716	69.57301	-159.00769
409.15202	48.40067	-160.21453
423.5337	28.41806	-155.85414
438.27689	10.70244	-146.16156
452.58677	-3.79113	-131.65934
465.6919	-14.2813	-113.1293
476.88577	-20.20254	-91.57039
485.56492	-21.23564	-68.14485
491.26146	-17.32491	-44.11557
493.66828	-8.68116	-20.77797
492.65563	4.22961	0.60981
488.2781	20.71137	18.89475
480.77169	39.8756	33.09112
470.54107	60.68915	42.43356
458.13778	82.02995	46.41845
444.23047	102.7475	44.83094
429.5689	121.72494	37.75662
414.94347	137.93917	25.57687
401.14265	150.51608	8.9483
388.91044	158.77765	-11.23263
378.90629	162.27849	-33.87798
371.66951	160.82988	-57.76691
367.59025	154.5099	-81.61158
366.88842	143.65928	-104.12651
369.60185	128.86296	-124.09791
375.58427	110.91863	-140.44913
384.51316	90.79367	-152.29866
373.07269	56.87498	-162.07845
387.58394	33.67828	-163.40069
403.3407	11.78507	-158.62338
419.49354	-7.6244	-148.00406
435.17164	-23.50375	-132.11524
449.52979	-34.99693	-111.81347
461.79395	-41.48432	-88.19323
471.30294	-42.6162	-62.5279
477.54414	-38.33155	-36.2011
480.18109	-28.86134	-10.63212
479.07162	-14.71613	12.80063
474.27554	3.34152	32.83386
466.05142	24.3381	48.38758
454.84261	47.1417	58.6233
441.25339	70.52297	62.98919
426.01636	93.2214	61.24989
409.95295	114.01334	53.49917
393.92913	131.77786	40.15487
378.80877	145.5573	21.93639
365.40699	154.60878	-0.17411
354.44631	158.44436	-24.98466
346.5176	156.85724	-51.15769
342.0483	149.93299	-77.28223
341.27937	138.0449	-101.94989
344.25224	121.83385	-123.83083
350.80666	102.1738	-141.74544
360.58927	80.12462	-154.72794
350.23823	44.17695	-165.14921
366.01586	18.9559	-166.58684
383.14771	-4.84793	-161.39262
400.71019	-25.95125	-149.84656
417.7565	-43.21638	-132.57113
433.36768	-55.71256	-110.49764
446.70212	-62.7661	-84.81608
457.04096	-63.99676	-56.91096
463.82683	-59.33819	-28.28663
466.6939	-49.04152	-0.48626
465.4876	-33.66187	24.99145
460.27298	-14.02834	46.77297
451.33114	8.8006	63.68405
439.14415	33.59426	74.81303
424.36901	59.01599	79.55993
407.80225	83.6953	77.66885
390.33699	106.30173	69.24173
372.91479	125.61656	54.73288
356.47488	140.59852	34.92448
341.90355	150.43992	10.88441
329.98633	154.61022	-16.09133
321.36568	152.88459	-44.54848
316.50636	145.35607	-72.95289
315.67032	132.43051	-99.77327
318.90264	114.80474	-123.56375
326.02905	93.42897	-143.04176
336.66539	69.45557	-157.15723
327.40376	31.47893	-168.21997
344.44778	4.23351	-169.77299
362.95471	-21.48093	-164.16186
381.92684	-44.2781	-151.68906
400.34137	-62.92901	-133.02702
417.20558	-76.42819	-109.18181
431.6103	-84.04788	-81.43893
442.77898	-85.37732	-51.29401
450.10952	-80.34482	-20.37216
453.20671	-69.2217	9.6596
451.90359	-52.60761	37.18226
446.27042	-31.3982	60.71207
436.61086	-6.7369	78.98052
423.44569	20.04681	91.00277
407.48463	47.50901	96.13067
389.58814	74.16921	94.0878
370.72104	98.59013	84.98428
351.90045	119.45526	69.31089
334.141	135.63974	47.91257
318.4001	146.27106	21.94293
305.52635	150.77608	-7.19801
296.21377	148.91195	-37.93926
290.96441	140.77915	-68.62354
290.06127	126.81613	-97.59666
293.55303	107.77563	-123.29667
301.25144	84.68414	-144.33807
312.7415	58.78652	-159.58652
304.56929	18.7809	-171.29074
322.8797	-10.48888	-172.95915
342.76171	-38.11392	-166.9311
363.14348	-62.60494	-153.53156
382.92624	-82.64164	-133.48291
401.04347	-97.14382	-107.86598
416.51848	-105.32966	-78.06178
428.51701	-106.75788	-45.67706
436.39221	-101.35146	-12.45769
439.71952	-89.40188	19.80546
438.31958	-71.55334	49.37308
432.26785	-48.76806	74.65118
421.89059	-22.2744	94.27699
407.74723	6.49937	107.1925
390.60024	36.00204	112.70142
371.37403	64.64311	110.50676
351.10509	90.87853	100.72684
330.88611	113.29395	83.88889
311.80712	130.68095	60.90067
294.89665	142.10219	33.00145
281.06637	146.94195	1.69531
271.06186	144.93931	-31.33004
265.42247	136.20223	-64.29419
264.45222	121.20175	-95.42004
268.20342	100.74652	-123.02958
276.47384	75.93931	-145.63438
288.81761	48.11748	-162.01581
281.73482	6.08287	-174.3615
301.31162	-25.21127	-176.1453
322.56871	-54.74692	-169.70034
344.36013	-80.93179	-155.37406
365.5111	-102.35426	-133.93881
384.88136	-117.85944	-106.55015
401.42666	-126.61144	-74.68463
414.25503	-128.13843	-40.06011
422.67489	-122.3581	-4.54322
426.23233	-109.58206	29.95132
424.73557	-90.49908	61.5639
418.26529	-66.13792	88.59028
407.17031	-37.8119	109.57346
392.04877	-7.04807	123.38223
373.71586	24.49506	129.27216
353.15993	55.11701	126.92571
331.48914	83.16693	116.46939
309.87177	107.13265	98.4669
289.47323	125.72217	73.88876
271.3932	137.93333	44.05998
256.60639	143.10781	10.58863
245.90994	140.96667	-24.72082
239.88052	131.62532	-59.96484
238.84317	115.58736	-93.24342
242.85381	93.71741	-122.7625
251.69623	67.19448	-146.9307
264.89373	37.44843	-164.4451
258.90036	-6.61516	-177.43226
279.74354	-39.93366	-179.33145
302.37571	-71.37991	-172.46958
325.57678	-99.25864	-157.21656
348.09597	-122.06689	-134.3947
368.71925	-138.57507	-105.23432
386.33483	-147.89322	-71.30748
399.99305	-149.51899	-34.44316
408.95758	-143.36474	3.37125
412.74515	-129.76225	40.09718
411.15156	-109.44482	73.75472
404.26273	-83.50778	102.52939
392.45004	-53.3494	124.86993
376.35031	-20.59552	139.57197
356.83148	12.98808	145.8429
334.94582	45.59091	143.34467
311.87318	75.45533	132.21195
288.85743	100.97135	113.04491
267.13935	120.76339	86.87685
247.88976	133.76447	55.1185
232.14641	139.27368	19.48196
220.75803	136.99402	-18.1116
214.33858	127.0484	-55.6355
213.23412	109.97298	-91.06681
217.5042	86.6883	-122.49542
226.91862	58.44965	-148.22701
240.96984	26.77938	-166.87439
